21512
10113
3584
17915
1084
6653
5234
4030
7153
12865
2786
22372
10146
14765
680
7173
7816
17188
10916
16934
8192
449
612
674
1268
1791
3134
3368
6327
6659
9094
13269
3117
9179
27
74
67
224
286
290
370
533
571
665
872
954
2295
3129
2914
4156
7728
16230
3800
9
10
11
19
26
16
23
28
29
31
37
41
48
54
82
62
68
72
75
77
98
451
99
116
126
131
133
156
168
171
178
188
214
221
225
249
258
311
273
12842
413
2257
3807
7345
15835
2527
2894
14762
147
399
937
235
388
1231
1255
1680
2989
3539
3826
7281
9887
7950
9198
463
525
536
563
632
652
836
842
854
859
941
1050
1181
1386
1687
2229
2959
3133
5879
5249
5560
6521
6797
8207
9177
10827
21742
4057
17010
7341
38
39
49
58
76
84
101
104
117
134
139
217
172
179
181
523
3357
189
209
259
268
283
291
303
306
333
334
337
392
401
442
497
508
513
521
546
564
584
596
743
610
673
615
653
678
722
1621
769
821
832
851
853
873
10308
11635
19780
8687
4608
17858
2855
11347
13837
14142
15954
403
861
6804
4302
5354
10864
6120
17301
8255
9005
19936
20427
1699
1936
2237
2822
2296
3364
3732
3860
4107
4392
6536
7727
7736
10102
9119
12881
7865
527
7894
9944
9402
47
50
80
102
86
105
119
135
141
338
899
190
262
13319
246
275
293
377
450
453
479
484
501
553
576
586
601
657
688
698
784
724
745
840
906
909
913
914
915
925
948
955
975
981
994
996
1032
1038
1047
1048
1049
1052
1060
1093
1096
1114
1787
11964
170
5517
12578
2460
5398
18202
20064
100
393
785
7565
837
7364
7058
10152
12005
14964
19091
21966
17862
1137
1226
1691
3847
1959
2222
2238
2247
2507
3487
4176
3849
3981
7327
7996
9111
12668
13372
14186
14490
20668
19774
18479
2783
16181
16274
6401
53
2240
92
83
103
108
136
143
263
277
302
1463
345
391
458
577
896
486
506
1280
512
700
594
1312
602
685
1
734
746
867
887
919
1116
997
1462
1103
1115
1118
1139
1145
1149
1170
1178
1246
3640
1283
1286
1334
1360
1361
1393
1523
1631
1635
1644
1685
1689
6695
7946
1653
7768
9360
15789
1982
4568
5302
13219
317
1088
3216
5119
6019
8572
14519
10788
15786
16415
19493
2374
2462
4108
3130
7947
4917
3345
4798
8660
5307
6104
8001
12922
16094
16243
16919
19302
20670
17138
16509
3558
11032
85
109
319
137
264
321
346
390
407
774
435
20352
459
566
677
2255
696
760
849
868
898
998
1007
1076
1104
1285
1119
5509
1129
1161
1182
1247
1335
1362
1340
1405
1426
1468
1466
1571
1470
1626
1670
1672
1692
1731
1738
1742
1778
1798
1801
1840
1873
1918
1945
1979
1985
2191
11778
21755
70
857
1926
1249
1512
18633
2893
10346
13682
13888
5400
8813
12484
16418
18178
2242
2251
2504
2463
3145
4227
4907
5959
19074
6466
6297
7477
9213
10499
11006
11319
14913
16833
20671
1168
7629
11002
17230
2438
18362
21958
88
112
138
278
1627
324
349
384
402
408
436
1287
597
735
767
719
775
3577
831
852
871
999
1008
1120
1387
1427
1440
4988
1661
1759
7576
1767
1808
1815
1844
1874
1895
1935
1962
2000
2050
2172
2213
2219
2252
2342
2399
2437
2473
2505
2510
2512
2520
2543
2553
8819
556
3990
16313
3774
8171
296
1434
5783
10043
16104
236
1336
1899
13700
15195
2611
2987
3143
3867
4089
4343
4381
4499
4799
5548
5553
5811
6869
9095
9252
20994
9860
16378
21413
10190
15770
16042
17884
22378
3848
4966
5349
20630
22716
8026
22226
91
113
144
279
325
2743
350
386
409
437
739
616
879
771
757
796
972
1002
1012
3344
1122
1133
1397
1291
1331
1341
1441
1662
1764
8834
1822
1892
1905
1986
2051
2121
2201
3148
2556
2253
2304
2270
2312
2350
2457
2506
2518
2539
2660
2714
2792
2812
2839
2874
1110
1065
6188
6205
11876
13848
6877
11048
2284
3934
4685
4890
5674
10388
7986
7910
18351
21030
3131
3642
4062
4091
4118
4801
4909
5106
6759
7945
10777
11937
13953
16022
21465
18981
19746
21833
1275
5873
6246
7675
12964
10937
7326
410
1619
114
145
309
328
3034
351
540
617
758
740
808
846
881
967
3120
1005
7485
1378
1768
1583
1345
1663
1678
1693
1712
6103
1906
2351
3803
3630
3174
2478
9392
2508
2569
2576
2579
2742
2879
2908
2990
3031
3068
3094
3100
3144
3147
3283
3325
3359
3363
3377
15356
676
828
6416
19748
240
5800
8954
19953
22141
2833
2276
6407
8364
11611
12825
14127
15004
15213
16250
16321
3573
4058
4222
4358
5680
4769
17591
4804
5886
5890
6178
8968
13957
14453
19512
382
1412
3636
15037
16527
18770
22275
9999
15047
1896
261
329
352
397
560
579
622
661
1346
1580
797
2764
3032
9916
810
1401
884
1000
1572
1640
1651
1788
6402
1862
1883
5256
1922
2060
9450
2359
2571
2994
3036
3104
3175
3176
3284
3553
3374
3378
3502
3524
3554
3574
10067
16155
12896
1419
5296
8876
9230
9862
947
1948
2771
4070
4104
7005
11336
12242
14208
16565
18564
3851
4130
5087
5090
5281
5501
6010
7236
7362
9870
10501
12684
12289
12624
14488
15227
17592
21453
22484
15475
4393
383
2843
7701
5961
22166
18124
353
400
1977
411
585
625
662
839
905
1003
1017
1027
1156
1535
1657
1673
1854
1863
3177
11453
1927
2069
1965
2001
2128
2178
2808
2900
10759
2954
2997
3184
3197
3391
3510
3531
3575
3585
3597
3622
3629
20871
3633
3663
3801
3855
3888
3985
3986
4008
4045
4049
4068
8153
6141
856
8454
17898
269
332
4540
4730
7325
8735
10679
13359
12894
15807
18547
19789
4234
4396
4884
5390
5892
5991
6167
6751
7544
14489
7796
8521
9431
10986
14995
11696
15788
21959
22571
822
858
4779
7963
9176
9581
20351
22227
354
18664
5254
18841
412
621
630
3282
5657
663
847
1004
1019
1130
1267
1356
1407
1536
14846
13864
1858
1864
1928
2217
2271
2272
2286
4408
5887
2329
2451
2957
2999
3286
3119
3340
3352
4296
3394
3513
3532
3671
3688
3729
3819
3846
3857
4018
4043
4071
4086
4103
4105
6316
4122
4149
4277
4301
4337
4340
4400
8712
17848
19763
991
4081
9858
15481
814
4803
7957
8282
9567
9881
10753
11781
14544
15242
21002
4678
20629
5282
5867
6253
7359
7935
6554
8272
9099
9303
11012
12305
16028
15542
16646
20153
15238
19749
12011
14035
18480
355
414
9917
4014
12688
626
639
1623
664
904
1021
1069
1295
1408
1457
1676
1930
2139
2140
2544
398
8814
2221
5868
2575
2791
19306
2869
3002
3285
3395
3400
3693
3820
3813
3824
4019
4100
4111
4178
4242
4309
4380
4402
4535
4553
4599
4603
4614
4672
4694
4723
4731
11138
239
16315
4044
659
5677
5907
7951
10174
14061
15057
17484
17654
19829
20294
5292
5311
5895
6464
6482
7055
7226
7373
21462
7549
10735
9162
10232
10258
11245
13192
14448
16036
17426
21695
569
22272
1614
2170
1889
5824
2458
14496
21295
9830
10107
19370
357
415
587
627
641
668
1302
1259
1421
1455
1458
1538
1563
1875
1931
20497
2144
3005
2809
2818
2796
3111
3138
3292
20308
4590
3410
3616
3771
4121
4138
4347
6669
4386
4441
4445
4536
4554
4742
4876
4743
4928
4901
4929
5102
5126
5319
5167
5186
5255
5295
5356
5404
5410
5473
5497
5506
5518
251
13778
19275
0
8328
10775
15434
15415
21096
16888
5539
5542
5826
5998
6483
6730
7034
7062
7666
7552
7724
7785
8593
8294
9163
9434
9966
11634
21309
17919
12436
13843
14523
15440
17694
21767
15086
1046
2590
4336
5496
8736
10787
19855
11467
359
416
589
628
647
2548
669
1261
1304
242
20137
3212
12629
22470
1422
1459
1555
1564
1887
1932
1937
2148
3049
3350
3618
3644
3698
3705
3901
4278
4362
4423
4446
4449
4684
4701
4864
4908
4930
5170
5238
5267
5274
15177
5303
5313
5507
5594
5520
5540
5588
5830
5880
5881
5896
6034
6037
13905
6048
6113
6184
6411
6578
6593
7036
6711
6740
7609
13226
3334
2287
7339
8663
21182
1907
10552
11261
16234
18044
18193
20868
7937
8055
8575
8579
8873
10349
10866
12267
14461
15293
16384
17985
6474
12387
129
1666
2459
6741
11673
11822
11929
12882
21269
362
417
590
629
648
939
1265
10109
15463
1305
1425
1460
1595
2149
1690
2199
2174
2360
2583
3050
3074
4716
3601
3619
3657
4323
4450
4470
4602
4728
4732
4835
4837
9452
4913
4934
5236
5301
5521
5604
5770
5796
5902
6011
6054
973
6114
6119
6179
6326
6441
6508
8917
6517
6542
6712
6857
8477
9153
7056
7086
7655
7791
7916
7934
21065
1075
17193
19547
9326
19485
21810
4886
16688
18569
7940
7954
8869
9170
9280
9479
9485
11727
19849
13484
13841
13876
15237
18478
18548
20098
13799
675
4385
8500
11915
12883
15228
19311
15958
363
418
635
649
949
1266
1306
230
22044
3081
1437
1608
1648
1755
2150
2497
2588
2837
3299
3750
3883
4244
4452
4987
5273
5343
5407
9928
5445
5567
5654
5818
5772
5904
6106
6180
6214
6338
6403
6423
6454
6484
6585
6724
17356
6510
6616
7094
6626
7928
6713
6722
7064
7789
7827
7909
8345
8418
8570
8723
12850
8692
8823
8875
8922
8993
9152
9160
9291
9466
22239
544
6498
14958
19719
14055
2844
16231
9487
9498
9875
10380
11023
11263
11918
11990
12540
12545
12564
14292
15222
16518
16546
19083
19382
19558
8588
11938
3977
6409
7994
8578
8870
19750
13850
18494
22385
20996
366
422
595
640
2152
804
12921
951
1271
1438
5769
1578
1997
1825
2180
2498
2550
2589
2657
4454
3300
3753
3889
4447
4509
4537
4582
4671
5003
5568
5280
5819
5833
6057
9372
13341
6696
6183
6487
6699
6649
6737
6739
6761
6860
7700
7028
7103
7543
7959
7678
11699
8283
7695
7793
7912
8800
8867
9105
9480
9495
9551
9634
9814
9838
9859
10091
10077
10134
10156
10776
10861
11168
15749
10982
10993
11219
11678
11683
20486
10244
10309
21699
838
16320
18310
11939
13902
14136
16576
16864
17901
18578
19269
21773
18986
13099
15743
20655
781
1632
4989
5278
10811
11718
19811
14689
15974
22743
367
423
654
2211
862
910
1202
4158
1273
14537
1579
2769
1715
2664
1751
1826
2300
4455
12986
2621
3122
3538
5865
6216
3913
4458
4551
5592
6237
5883
6137
6447
6763
6773
6987
7017
7048
7061
7242
7284
7587
7682
7795
8999
7685
8518
8520
8553
9648
8592
8615
9055
9432
9819
9864
10136
10139
10140
10158
10772
11018
11110
11386
11648
11815
12104
11988
12240
12269
12281
14139
12869
14167
14194
14295
18457
708
3142
22780
4339
9483
4510
18673
14556
15056
15751
16902
20601
21889
22656
7330
13688
4841
17653
22028
4607
6130
7067
8815
8963
13035
13846
15487
15536
15972
20882
368
424
660
863
931
2665
1205
1279
1754
1828
1856
11040
3545
8722
1968
4259
2301
2440
2622
2770
3125
3782
4082
4460
4912
5108
21172
5921
6333
6281
6798
7051
7069
7245
7387
7397
7498
7848
7932
8133
8281
8557
8426
8452
9182
9436
9718
9910
9924
10379
10143
10378
10535
10659
10743
11010
11064
11687
11790
11987
15076
12621
12086
12664
13090
13111
13113
14132
7026
2016
17017
19865
3367
16030
18866
14015
15773
14484
15330
15435
17231
19304
20605
22657
9173
9575
6694
14161
6755
11259
7699
14183
16637
15805
19431
19616
20945
7001
369
425
869
921
1171
1212
1319
1756
1857
3865
17706
1869
1978
2444
2876
2666
3126
3187
3305
3786
4260
4420
4753
6648
4983
5109
6174
6438
7353
20698
6805
7098
7399
7667
7802
7850
7895
8077
8135
8244
8802
9437
9107
9169
9516
9962
22788
10076
10251
10374
10414
11054
11055
11654
12715
11986
11989
12087
12461
12830
13400
14023
13739
14943
15477
15175
15204
15367
15390
15897
16280
16817
17379
13133
11043
16298
16887
16971
19549
20606
22364
618
1946
3689
4040
17116
9439
3351
7292
13148
13296
16920
17049
22030
10493
3777
372
426
870
927
2635
1179
1222
1559
1994
2133
2446
2529
2669
2877
3191
3307
3353
4421
812
1398
5541
5900
5801
20812
4986
5405
6198
6944
7117
7403
7671
10736
7672
8209
8219
8231
8277
8434
8459
9014
9108
9178
9844
9876
10298
10746
11301
11329
11786
11803
12238
12287
12427
12467
12872
13120
13218
13588
22284
13727
14184
14303
14826
15432
15795
16287
16511
16894
16813
17054
17305
17381
17878
17912
18157
18419
18685
18803
4594
14042
21186
21201
21456
16940
7905
2881
6072
22820
16090
385
3685
11338
12611
13920
17615
20872
21777
1501
373
427
14352
930
1367
1597
2072
2134
2640
2671
2872
3180
3193
3356
3546
4291
4533
4443
4995
11136
5406
5508
6945
7402
22552
12831
7405
7707
7919
7948
8499
8820
8254
9022
8795
8850
9047
9453
9879
10089
10299
10362
10644
12088
19210
10943
11033
11332
11722
12538
12541
12597
12817
12845
13330
12864
13352
13475
13614
13622
13656
14451
14442
14827
15339
15447
16245
16396
16559
17106
17489
17581
17942
18050
18409
18992
19775
20026
20623
20791
20824
21183
9468
14986
16362
15801
3007
9519
10713
903
1174
4282
4285
6410
1366
16399
21944
375
428
876
3790
934
1502
1506
2672
1610
5797
2073
2135
2275
2641
3600
2450
17566
3371
4561
4932
5359
5416
5514
5966
6471
7406
7429
7882
7918
7955
8141
8239
8861
9050
9077
9550
9990
10387
10718
2470
248
3405
7920
10790
10985
11038
11208
11344
11688
11972
12096
13058
12747
13121
13589
13623
7275
20013
13714
14219
14443
14445
14452
14730
15069
15418
22250
16246
17061
2194
17108
18051
18212
18305
18796
18954
19316
20005
20354
21165
21418
21538
21978
22817
9845
20616
21442
21745
11339
11608
11771
10945
5853
12045
6176
1611
4967
8542
12734
17361
1143
19468
376
429
878
935
4033
2452
1503
18720
1519
2297
7639
2410
2673
2873
2896
3606
3910
4933
4539
5179
5461
8142
9454
5633
8263
7093
8300
8862
10007
3245
12501
21174
22029
10186
10253
10797
10988
11007
11303
11462
11880
12430
12775
12880
13079
14447
20183
13089
13119
13578
14444
14976
14454
14683
14731
14886
15179
15257
15569
15886
16758
18682
17109
18055
18734
18798
19252
19577
19319
19385
21423
21479
21918
6952
10758
15312
21139
19732
378
430
936
1140
8952
11912
292
4015
8041
12878
2243
4888
16257
16658
20902
1505
1760
1817
2074
2683
2299
2798
2412
2917
3136
3607
4167
4298
4541
5263
5468
5837
7408
7966
5968
16336
20925
12766
13528
7110
9048
8302
9141
10046
10081
10254
10422
4087
5855
17841
18441
11058
11137
11619
12220
12884
13129
13214
13323
13583
20981
13612
13620
14165
14349
14688
14968
14970
15752
15822
16009
16867
16411
17111
17667
18407
18674
18879
18997
19104
19116
19253
19906
21457
21485
21673
22033
22539
6753
115
4232
17652
431
1766
1144
1507
1833
2079
2573
2684
3496
15607
567
1445
8817
2542
9569
12539
1391
2849
16552
7426
8186
20927
21616
2800
3048
3139
3608
4168
4307
4542
5332
5782
5969
6290
7726
7979
8501
9143
10048
9172
10257
11337
10598
11067
11128
11184
11626
13215
11731
12822
12885
13565
13760
13910
21154
14578
14889
14980
14969
14984
15162
15455
16309
16876
17055
17098
2078
18159
18164
18604
19325
19318
19491
19393
9823
1123
20467
22014
21678
22041
22702
22768
2493
4600
16092
16504
6738
21458
432
605
1146
1183
1508
1775
2087
2095
2937
17640
10055
16305
1784
2145
19802
389
3638
21665
9427
14243
17313
2690
3051
3152
3372
6219
3609
4310
5333
5419
5623
6345
6530
6592
7729
8620
9477
17883
9507
10125
10296
10523
10711
11068
12142
11652
12252
12457
12837
12844
13529
13577
13858
14147
14089
14404
14456
15728
8959
13881
14973
15226
15457
15480
15787
16443
16861
17234
18141
18179
18439
19404
19686
19985
20006
20086
20300
20476
20905
21674
22652
21976
22735
22037
782
4084
6480
15892
13321
1353
19469
21017
434
607
1150
1189
1509
1776
2089
2104
2691
3052
3108
3173
3209
3610
3655
3631
13534
15999
1136
7340
11458
4505
9533
10466
16544
18266
4169
4384
14739
5699
5897
6346
6874
6970
8004
8573
10054
10110
10126
10526
10656
10991
11653
11684
11959
12870
13293
13556
14128
14156
14460
14485
14884
14974
16056
15065
15757
15779
15794
15824
16875
16997
17132
17199
17263
18073
18707
18455
13370
18681
20287
20363
20736
20757
21407
22572
1650
11409
15087
3450
5581
11082
11394
13705
21463
19312
438
900
1190
1510
1786
2101
4462
2105
2692
3109
3296
8351
3440
3613
3880
4681
5644
6189
6300
6348
6418
6476
7152
8284
7244
7754
8580
9521
10058
10112
10936
11173
14394
14526
16494
2047
3069
7828
10989
18699
830
7074
7964
9314
12847
13570
16093
20046
11685
14137
11993
13409
14379
14628
14983
15262
15320
15357
15780
16286
16882
17120
17497
17609
17821
19017
18471
19500
19568
20548
20952
21049
21180
21425
22128
330
14450
1660
3236
17443
17891
4885
5381
21433
10572
17050
16964
14411
439
1152
1191
1446
1511
2103
2106
10185
2696
3186
3301
3469
3835
3887
4566
4979
6432
6658
7249
7347
7427
8271
8633
9154
9451
9523
10658
11305
11878
11633
11976
20594
15934
1652
8919
13563
36
727
1369
4574
9509
18026
19118
12002
13655
14422
14700
15178
15326
15535
15781
16310
16011
16550
16983
17125
18194
1204
16485
17887
18739
18822
19005
19545
19569
20624
20886
20954
21330
21426
9486
17137
17343
21300
598
4046
4764
5411
5522
9712
15725
17534
11494
14115
20930
11897
21982
1404
443
1198
1448
1513
1789
2107
2431
2702
3072
3188
3303
6604
3477
3840
4146
4569
7436
5353
6469
7566
7595
8927
8040
9491
9500
9573
10418
10947
11821
11879
11980
12003
8835
11931
16031
21893
578
2842
15797
13239
14701
14905
14914
15600
15827
15984
20801
17302
18631
16564
16870
17373
17903
18735
19531
531
19626
20607
20892
21427
21557
21694
22371
844
9965
13991
14799
18865
2348
2357
4621
5318
7337
1612
14045
9496
12606
14761
18142
20962
1806
15928
1514
444
22039
1199
1450
11223
1790
3073
2108
2735
3195
3541
3696
4092
4570
4720
5948
6764
8022
7601
8075
8373
8930
9511
9525
9853
12007
12601
12771
12887
13619
14918
15236
15538
15568
15723
15833
16130
16202
16453
16521
16731
17540
16859
1909
20059
1613
8230
19812
22221
4517
20921
22281
17374
19783
20209
17377
18435
22148
19628
20344
21161
21428
21923
22050
10148
15302
20289
13202
17873
21883
2871
6225
18671
8762
11044
15476
16537
18417
22775
177
9159
11780
445
1208
1417
1451
1516
1998
2109
2703
2740
3075
3196
3542
4366
3702
4721
11352
4993
5949
6892
7030
7856
8025
8136
9861
10483
9212
9512
15802
10739
12268
12435
16866
12610
12772
12892
15798
15880
18341
16524
16232
16918
12888
19592
22184
254
4125
5545
12275
18132
17913
18718
20165
20620
21467
22617
234
7915
17039
13558
9816
13672
15489
1045
2353
4243
7295
6989
9988
8431
8702
11363
15451
19099
20610
3150
9827
10119
447
1452
1518
7114
2004
2110
3022
3319
5188
3369
4023
4627
1848
5337
7031
8031
8138
9872
9526
9921
10164
11913
12612
12659
12773
13136
16634
15799
16498
17127
17165
17863
17169
17260
18343
18461
19012
20042
20470
20615
21086
21229
21468
3861
4126
4880
5312
14172
14197
14642
943
13692
17468
19771
1938
2442
3324
16947
15449
9831
21376
22703
2090
4257
14606
10266
11046
15032
17675
4688
19282
548
1209
2161
1735
1418
1795
2021
17880
7334
3370
3568
3704
4026
4635
5191
5338
7575
7577
7863
9528
8158
8361
10427
11016
11317
12217
12494
12661
12970
13114
14463
18449
14919
16568
15800
16131
17197
9024
17418
17544
18109
18135
19020
19292
19332
20326
20619
20745
21380
21449
21969
17867
8704
9846
13154
13339
15239
16018
16264
19804
16395
7351
17620
17970
18442
1221
1617
6417
6662
15804
1207
2354
16877
4978
8102
12094
19741
20061
1797
679
1736
2315
2704
3026
3637
3679
3707
4292
4641
8443
5203
5573
8165
8316
8366
8734
6782
11051
9529
10826
11415
12495
12906
13257
13353
14465
16322
17282
17423
17601
17645
17778
18823
18090
18411
18467
1079
18959
19294
20331
21329
21593
21744
21754
22007
1637
2819
3086
9574
3522
6200
6434
17890
18462
11491
17551
2530
690
1211
1737
1799
2316
2385
6986
4881
848
6100
21111
5500
6589
8206
32
1300
2804
7421
12107
10351
14996
15704
16937
10981
11469
2706
3060
3713
4654
5205
5580
8613
8924
8953
9530
10544
11100
12290
12498
12763
12973
13362
1396
4606
13718
13572
14639
15125
15167
18737
20038
21555
17136
17678
18675
18983
19301
19803
22368
20608
788
11932
7052
8042
8317
10791
20430
13342
13568
691
1213
1424
1743
1800
2319
2389
2709
3549
8627
17816
3355
7621
9027
14510
155
1577
3115
5546
3950
5469
9631
9873
10441
10745
14677
17660
20534
3680
4661
5207
5912
8925
9232
9235
11101
9531
11172
12620
13057
17876
13482
13608
13944
14704
15126
4221
15124
18728
18994
17344
17649
19177
18676
18756
19471
20024
20057
20060
21193
777
2841
9706
10145
13819
21179
18155
19466
19124
20596
20569
21110
419
692
2717
1214
1430
1744
22400
2020
2320
2737
3670
3681
3714
3804
4293
10425
22724
1411
18732
10358
3046
8318
3092
3373
8006
10141
10657
11353
18447
20293
21919
4663
5208
5926
6523
8614
9015
9234
9532
9580
11176
13024
14438
13483
16229
20066
15002
17790
16957
15261
7647
19163
20010
20622
21156
11826
1091
2187
7832
12889
15231
16640
19546
20290
15114
5096
13724
16982
21570
22705
693
1745
2023
1215
5212
2322
2775
2718
3658
3683
3758
3936
4050
11739
4562
4900
5931
6525
8166
8901
9535
10217
9568
11181
11419
12867
13025
13299
13689
14027
14157
14440
14676
7271
2652
7652
1638
14185
18486
21091
3862
5862
13654
6749
14605
15495
17259
17593
17927
18101
19024
19680
20935
21157
21676
21995
12848
6473
18139
1203
3331
6262
2343
3869
6006
18802
19554
21363
21752
10303
2026
1216
694
11292
17590
1748
2330
2719
3066
3678
19387
5471
3684
3760
4563
4051
4904
6501
8167
9577
12338
8911
9537
14998
10220
11182
11768
13116
13804
14296
15465
15791
16062
16508
17594
16523
17928
16023
17971
12556
13765
16566
19508
343
3623
7035
8868
12968
18460
17804
19336
19657
19762
20141
21679
22639
21680
7673
7039
19561
1029
9647
1515
1915
3082
10844
16191
17657
22424
695
1749
2031
2333
2358
10783
14930
17178
2721
3521
3764
3900
4847
4333
4905
6083
6509
9038
2753
4878
17757
20462
8473
15803
8916
9938
10472
12339
11759
11945
13349
14297
11524
15163
15466
16316
17805
16797
17932
18115
19895
22573
22641
18116
19341
20810
20825
841
11971
13840
18410
4344
7645
10824
15713
17926
20823
17567
3844
1550
2012
2835
3044
3881
9672
11349
11272
12895
21685
1701
1904
3528
16340
2036
2476
4080
3905
3994
4848
10481
5253
7338
6087
2725
6460
6043
19238
20800
1912
7925
21790
6720
8765
9339
10475
9538
12274
12347
12751
14436
15075
16044
16569
16858
16923
17756
18956
17933
18092
18957
20144
19760
21046
21508
22595
22182
22645
22771
1850
2767
7350
7936
13365
15758
18727
17052
7648
15623
16173
22821
3393
7246
11260
4355
18192
19303
2901
3949
17074
5429
5815
10192
19486
20949
697
1990
12514
9572
18785
2037
2577
3907
3998
5176
5284
6359
20433
7065
8766
7398
9168
9886
11464
19487
10784
12752
13530
14963
15331
16543
17414
17910
17935
18093
18297
20378
18958
21136
22468
4558
347
420
1796
2400
3581
5903
6263
7650
10757
11948
20380
17059
21749
4245
7626
10360
19879
956
1217
1991
2038
2578
2726
9824
2249
7628
14718
15080
1260
2231
3555
3699
5817
4695
6559
8008
11998
8218
16039
17378
22783
21689
3669
4039
151
2220
4589
5178
6670
7400
8773
9197
9341
10165
10843
12351
12371
12985
13531
15729
7355
21153
15898
16892
18094
18199
18719
18807
20382
21590
10708
3512
7674
8260
10763
12866
13628
14206
20327
19339
20022
14193
19438
959
1220
1702
2039
2288
2584
3662
6968
3792
3908
4842
3938
4265
5181
5286
4273
3917
14372
310
11877
13376
15712
17458
4129
7717
7312
12478
16705
19013
20411
7419
7676
9060
9460
10485
12048
13492
15784
16687
16893
17416
18481
18977
19008
19027
20170
20383
21657
280
5008
524
7844
22152
684
6079
6701
7068
7422
11985
12584
12585
1176
22574
19251
22644
20835
12443
7860
961
1375
1705
2040
2291
2585
3815
3909
4002
4271
5182
5290
7704
7866
17679
8015
9461
10276
11119
11358
12056
21975
8883
7896
11717
15971
20048
2746
3643
4324
6406
13135
14237
17380
18835
18183
20063
21081
21213
14894
19025
16692
17391
18353
20337
20641
7457
12656
811
2502
7441
12221
13346
8816
12304
12592
16281
8661
962
2041
2293
2597
2727
15467
3912
4004
4145
4313
4868
5183
5525
10384
6462
7714
8173
8274
9062
10576
9877
11405
12181
11372
12373
12665
14336
15368
15988
16693
17140
17686
17424
17859
17938
19178
19310
19490
20338
21008
21495
19232
18113
1527
15806
13023
4388
2254
9430
11268
16539
20251
22137
20157
13126
14005
20944
21523
10874
218
2068
4768
8417
12919
13566
13103
17809
17908
22008
20314
2042
2294
3743
2599
4006
4151
4155
4315
12256
5467
5526
7358
7715
8176
8356
9064
10578
10182
522
22343
11373
12670
13189
6719
14373
15673
16214
16966
17603
19521
17655
18206
19433
19532
20342
20565
20566
21701
4906
1921
2757
12239
10716
11345
18185
12137
20058
21575
20468
13595
21450
11282
19924
1127
2268
2532
2744
3392
3863
4792
6053
6491
7006
8737
13838
15160
17099
18485
20056
20485
20678
16831
14522
9001
16299
22146
2043
18857
964
2554
2605
4164
4289
4576
5529
5266
5773
12369
7721
8357
8478
9771
12672
16967
17961
18207
19556
19681
20343
22052
22243
3250
4325
5550
7277
11450
12519
13205
13295
22276
8210
2223
22080
6613
4063
2699
4921
4692
5264
13105
5401
5579
5891
7776
10417
10696
9817
19548
16471
19795
21677
15968
2349
2555
2606
4258
4165
4580
5531
5776
5803
13161
7981
8482
8558
10070
18128
6405
8559
11304
10313
12689
12928
14555
16024
18493
19557
19682
19735
21690
6705
120
4131
4383
3019
12626
8918
14260
16040
10120
2536
965
1376
13162
2352
2561
2617
4361
4429
4532
4827
4859
5532
5804
5778
7953
2282
15349
4102
19256
5533
8204
2216
4115
4675
10137
10345
12037
12429
13345
14191
17028
18047
20304
21051
8777
8306
10071
12935
13377
15084
15940
16027
18495
19684
19765
22266
20071
22816
2781
300
10528
20028
13393
2197
6166
6596
7847
7922
9857
8839
10500
12325
13459
21283
11443
14324
14695
966
2516
2620
2564
4440
4828
4962
5151
8782
5535
5779
8307
8864
8944
10403
13184
13418
18200
10963
11379
12693
13683
15636
15941
16297
16276
165
1230
20078
21806
11697
6115
6867
13360
13833
14550
14966
17650
22241
18998
19933
21417
9174
21414
9171
15916
30
205
5357
7404
7282
7007
9514
8139
22655
10416
16999
20496
13720
17345
17582
19992
10166
969
1377
1716
2567
12993
20180
2618
2623
4534
4910
5218
5536
5780
8319
8784
6235
9929
10892
11025
11716
12694
13185
16871
14740
15676
17075
18201
18243
18754
19815
21420
20076
20500
21669
2619
509
17871
12618
14047
11242
13880
16046
17911
528
20329
22186
4547
15776
16828
7653
1223
3234
3654
6714
8577
9912
11331
12272
14391
14437
14861
19796
15893
21429
21525
14254
169
6910
11011
5224
1472
2568
6081
2625
4977
8597
9069
10209
10407
10924
9973
11891
12637
13439
14503
15709
15025
18043
19028
19055
20077
20087
20506
21421
22233
3178
3396
5309
6069
8403
13127
15753
20286
14941
16849
17346
636
15348
5755
9482
9880
13322
4524
3494
9741
10147
18725
12286
12327
14382
14421
15724
16323
17836
17972
18317
18777
20621
17588
1473
12130
20787
2626
19327
2648
2884
4817
3956
5233
5537
6350
16733
15551
8611
9376
6129
9871
11072
11895
13181
13442
19274
20364
15895
18581
20627
21084
7072
7933
7331
8461
11470
12423
20888
18422
21789
301
9804
11943
4276
12846
13507
19989
206
1359
4288
12023
5882
11355
17364
11381
12294
12299
15387
16307
16814
18824
19365
19983
20332
22582
7240
970
2627
2649
6717
20320
2887
4179
5113
5430
6351
8616
9378
11077
17875
16302
12149
12638
13445
13976
15841
16157
20108
20953
21215
21373
21671
20617
6479
12555
7255
18189
976
12546
1229
1474
1720
2628
2654
3406
4475
4963
13770
6036
18005
22113
8496
3814
5315
11321
5577
13366
13719
16239
13889
17369
18231
20176
20323
20796
21605
21048
5351
5438
5538
6353
9382
10210
11704
12150
14264
16433
16614
16738
17355
1645
3890
14415
21743
21466
21604
21675
22278
5478
8515
11496
13609
13897
15884
20069
21212
21626
16217
21961
1232
1475
10320
9186
1966
2629
2655
3407
5153
4483
14506
5123
5462
5555
5878
13138
11346
6357
9155
10211
11726
12503
14883
18316
21656
5189
9438
10917
13367
14929
16060
18468
15077
19522
22306
14143
16442
17110
17811
18582
21009
17893
21788
21890
22201
3592
14547
21221
21787
2432
22620
4066
4079
9428
10410
12615
15479
20295
22469
20785
20143
1476
1233
2630
2889
3673
4487
5135
5154
5463
5608
5806
6149
6660
17813
9899
10326
10432
11991
12794
13385
14507
14509
16712
16872
18533
19405
20385
21219
22708
980
5169
8182
13626
1504
17357
9684
20365
16820
18133
21565
18469
21957
22677
22021
9851
6148
2169
3624
2118
3868
5549
6175
7969
16335
17527
18390
18753
21648
19785
21832
15094
8805
19419
20216
2634
1235
1478
2902
3674
4770
5136
5610
5155
5476
6152
6958
10175
18763
10677
3101
12798
14632
15042
17240
17130
17715
20642
21043
21464
20362
883
5450
16536
8865
13967
11930
6570
14017
7361
9151
19278
5190
5859
14221
207
3503
4611
16247
4894
9735
5893
9357
21715
11322
11970
16900
21888
19058
21691
8199
1236
2636
1480
2921
3675
5141
5482
5611
5628
15049
6154
6959
10183
10433
12318
10680
13537
14766
17444
17820
21333
18117
22022
13028
18701
18683
8432
10935
21549
22634
4335
17265
16314
1238
1481
1974
2638
2924
6138
10554
983
13721
17390
208
1322
4404
7290
9505
6163
9650
11983
12548
16289
17388
20328
19418
20634
11911
22254
3676
5408
5612
5630
5704
10438
13539
10781
10968
12576
13392
15697
18356
19351
16609
18311
18056
19470
18258
20645
21334
22024
12832
19907
1728
4814
232
10029
12821
1364
16729
22583
19021
20545
1239
1482
2639
2925
3902
6031
5156
5613
5636
6960
6108
5705
10132
6155
10439
10800
12681
11622
13149
16854
1984
6398
22040
9489
3535
9534
10142
10265
14446
14979
18256
4516
22618
19835
18058
18779
19313
19687
19852
21564
22025
11142
5240
16126
1165
1562
5269
16154
4815
14420
4960
9081
13130
14875
17550
18858
19499
21060
22567
565
8225
20067
1244
1483
2642
3903
2940
6287
5919
5157
5618
11624
5730
5661
6158
6962
10440
10803
12899
14094
13926
18248
15855
16610
17376
18328
19688
20358
20435
20406
9815
161
19894
2491
1688
17803
22612
11917
4364
13115
19030
20175
22023
22018
5150
17
2373
5063
42
817
7354
7733
8355
11302
22786
14626
18736
18678
19914
22480
10124
1252
1486
2643
2949
5670
5764
5933
6159
6305
7293
9080
12712
22579
10807
20415
11625
12944
15858
17192
18334
20493
20679
21866
22027
1439
1732
5941
10336
11022
12482
16105
20070
21753
16860
17580
20488
9765
12449
864
455
6756
2232
19951
8962
6854
7342
9913
16045
11027
14345
14462
19502
19773
1253
8437
13772
1628
2892
2966
4159
5619
5768
6160
5963
6311
7597
10443
11081
15859
12156
13939
14097
17449
17916
20422
18828
20874
21223
21531
21869
22299
22649
721
1682
13083
13885
14223
14881
15164
18096
18134
20628
9463
1254
1487
2897
2968
5262
14644
8285
10093
20208
2455
15436
342
457
6455
9118
9142
12608
20007
20012
20912
21222
5792
4161
5964
6865
7598
10444
11711
12157
14353
14716
15865
17712
21681
16132
21782
19415
20654
16426
21842
21224
21404
22302
22745
43
3388
5216
9337
20368
20379
21372
14944
16412
4192
1256
12163
1488
2203
2898
2970
4162
5158
5620
5854
5937
6112
6161
6871
7599
10445
11724
10816
14957
19987
2236
421
6458
8804
10169
11318
12015
15545
21772
19019
14355
16366
18463
19648
20664
2355
13320
18129
1566
3576
19293
5451
502
10252
8913
12996
14257
14380
15264
18492
19934
7368
19511
1257
1489
2899
2972
4431
5160
5621
5939
5965
6093
6448
6872
7603
10447
11330
11729
12166
13397
16612
14724
14897
17713
18464
19342
19658
20987
1841
5492
658
9708
21210
11858
16545
4620
768
6745
7688
9166
10771
13607
18070
19441
498
549
3833
5452
6128
6273
8821
13581
14013
15830
10370
1258
21173
2904
2973
4435
5845
10793
6192
19518
6320
6540
6884
7604
16422
10448
11840
12017
12168
13513
15010
15376
16624
18465
19659
19940
21260
21541
21780
6891
7588
7696
13242
15624
20014
20900
8545
22173
7644
3056
14278
10382
16520
20908
499
5006
5802
6372
8288
10114
12282
17185
17372
20316
21580
2248
14412
1400
1490
2910
4437
2978
5846
17947
1940
6193
6368
6896
6451
16768
6561
7605
10450
12169
12330
20217
15682
17410
5417
19660
21507
5551
6949
10301
11455
14653
17508
20387
19378
3003
13686
1491
2227
1524
2911
2982
4438
6393
5161
5847
6496
6629
22225
547
16739
14158
15885
2168
9305
860
4372
9769
16475
12283
12756
19799
21378
13884
15982
6731
6824
7252
10452
12113
12170
13514
16933
17963
18615
19080
19575
20177
21092
1654
9471
21820
19386
620
4095
4124
6380
5894
9707
13340
13615
16050
18162
20355
21044
4147
20743
2779
1493
1525
2912
3106
4735
5162
5945
6630
6715
6733
7606
7253
10453
11333
15350
1243
7019
2913
8878
9882
2436
9854
12604
11903
14693
19052
20388
21686
12174
12639
17578
15950
16942
18500
22059
17874
18717
20179
1849
2198
20298
12843
8257
500
4351
6505
8292
9126
19299
19917
2653
20481
16260
12544
1495
12188
2916
4736
3218
5946
6394
6633
6736
6785
6825
7257
7855
10454
12284
12462
12641
13641
9885
8338
12687
9167
4127
20440
7641
10115
10946
16012
15952
17448
20934
20765
22064
15375
14691
16996
20891
8708
503
709
4397
12605
21040
21705
220
2848
5829
10283
18265
17583
1498
2920
3221
4744
12189
5947
6634
6832
7045
7263
18156
10455
12617
12642
12750
15953
17708
18748
19081
20783
21094
22242
22311
1625
6201
7623
13738
16013
18703
20922
20211
11770
22676
5821
6424
9144
15472
20483
16990
713
5576
7559
7958
8439
15870
13297
13613
14198
1526
2926
3222
4746
6524
6636
6787
7160
22692
7346
7857
8084
11646
13302
18801
10458
12197
12619
387
12898
13936
16481
17716
15216
18144
18723
19049
19082
21612
21783
22301
22396
7884
9349
15003
16184
18335
20964
8323
17347
19582
20034
1500
1528
11965
9302
15985
12262
17885
19543
3831
5774
9863
10133
12521
12761
14046
20946
2927
3227
4968
6526
7163
8088
21618
10742
3030
10460
18000
12199
22283
12911
13945
16745
19016
19283
20633
22694
12398
9003
22187
8799
9121
10144
10815
12594
11650
15631
19133
21687
16259
4374
15836
12897
7047
1529
1772
2929
18008
3228
4969
5221
6527
6637
6792
16560
7929
13907
11621
13835
14959
15654
17795
20504
7165
8228
10462
12201
12914
14709
17006
19377
19541
21700
13650
13767
16345
22035
22596
11414
21397
1957
8632
11896
16450
12587
1773
12204
1530
2258
2931
3229
5422
4974
6395
6643
6810
7169
7386
7661
7348
7859
8705
10840
12874
13388
14729
22477
17007
5823
18009
19144
19380
19752
22472
4618
6014
5490
6140
468
8540
21843
7786
19941
7071
4387
6583
20136
8336
9019
3816
5571
19777
752
6332
10359
14972
18176
1531
1785
2960
15215
271
5305
20582
3230
5346
6445
6644
7182
7861
7942
8707
13948
12206
14775
17009
18012
19598
19801
22592
4377
7285
20576
10221
11962
13865
14637
16308
19553
21041
6873
18568
11284
8223
7070
13695
9978
17825
1307
1708
9311
12322
16019
22172
1793
2962
3231
5593
16188
6646
8710
6655
7023
7193
7944
7716
18019
8160
10841
12207
13355
17828
14209
14776
20142
6064
15778
21202
9840
13406
10868
4328
12759
15471
18383
21164
12263
1384
19786
1532
1794
2260
2969
3478
5442
12260
5596
12209
6671
6702
7024
7198
8161
7725
8240
14212
8711
11667
13898
19001
2345
20756
3919
10525
535
15212
7927
15478
14414
16311
17589
18555
18107
22782
1923
18490
5265
505
5491
763
8150
16528
17101
18450
1872
5335
14423
1533
2002
2262
3202
3481
5597
6676
6997
7119
7206
7982
8715
8163
8241
11753
13543
9908
14181
14214
15516
18108
18556
21204
21292
1521
2712
5512
5798
3858
7679
18382
18714
5899
15445
5293
3872
4069
11848
20778
7316
1018
8801
3854
8651
11675
17126
17252
22230
1534
2003
3205
3489
6679
5598
6999
7120
7332
7988
8246
8468
8733
12042
21145
5073
5447
6465
13234
13545
14220
15529
252
18784
18366
21503
1402
14300
11209
9052
11170
12760
7921
3823
1541
2005
315
11114
4166
4687
11412
19787
805
1025
3817
4595
8238
8912
10740
13317
15782
20578
22531
3207
22787
3491
6680
5599
8250
12257
8469
9016
13546
14188
14466
15640
18370
18790
21452
21530
12285
1415
1802
14567
16778
2713
10053
13488
14956
14971
18655
5827
5694
9271
18057
1542
2010
2263
3114
3219
3492
5600
18894
6682
14678
7121
7430
8563
8767
9040
12673
13547
14480
15641
18371
21748
22329
11928
21441
1148
6340
341
11257
18444
20734
22402
3135
4583
8555
14036
16841
4596
1028
3313
18046
3980
9023
9868
13635
17276
18498
19015
6428
14233
12486
1543
2013
5601
3220
3687
6683
7000
7123
7431
8312
8565
8768
9317
12926
13551
14481
14684
15809
18374
19078
22338
3866
314
1733
5920
10056
10541
14938
17233
19011
13301
3837
7614
16950
7128
15070
15726
1963
3841
1276
13750
11639
9747
15711
20790
14999
16549
2014
3701
5602
6685
7413
7438
8326
9325
8566
8771
13178
16847
13785
14686
14710
16346
18375
19864
22707
8248
2027
2882
4461
1722
5595
13034
5914
7625
11213
22428
726
8268
15904
18511
11030
1544
2015
2264
3342
3419
3719
5603
18259
12722
10080
11916
44
895
5479
11996
15135
21784
16141
16846
17117
20793
7015
6687
9332
7414
7439
8623
13429
14364
18636
14713
19869
3852
14888
19583
16487
3112
12485
18188
19662
958
16043
19984
22004
17939
22444
16138
16873
20065
11881
1545
2018
2265
3430
3721
5605
6904
7311
7442
8567
9063
13621
9730
21010
14367
14961
15020
16578
13872
10653
1464
17086
9755
14504
13906
20339
18874
22825
4148
6779
12779
20035
20107
4342
7817
11554
16053
7840
8433
10495
14892
16851
18677
21877
5275
21250
1546
3434
5606
3725
5708
6931
7319
16306
4860
7415
7744
8568
9369
9744
13670
14610
15249
21282
16579
18875
3632
441
1724
5248
18195
19538
5552
13851
8215
19915
20809
3348
4412
20827
5679
8065
20499
282
1605
5943
8546
10876
14687
15942
22140
17119
2022
8909
3435
3726
5831
7416
14652
1070
11767
16855
18738
19235
7751
9745
14250
15507
16897
19191
21640
2280
7557
21955
8755
20950
13027
20775
20047
20494
1547
2028
3560
2528
3470
3727
5726
5944
7320
6954
1435
5341
14733
2246
4552
18210
6513
9991
16891
10565
17118
17545
21273
22467
7417
15518
7760
185
13123
15067
9370
14839
10001
21845
4190
14617
6145
6194
21697
1820
18466
18482
19867
9805
21558
11966
21791
3656
8217
13198
17684
1548
3472
3728
6208
6956
7886
7418
10003
8036
8569
9371
13508
6425
14020
12988
16032
21591
22628
14251
14906
15520
19194
21846
971
6532
17341
21181
1082
3832
1228
4822
6942
8533
11265
11647
15325
17553
18859
19539
8428
18623
21910
1549
2029
3474
3951
5742
6213
6957
7420
8258
20188
9770
8049
8849
10272
14757
15521
17148
19198
22083
3137
3626
3672
4667
9096
10086
12280
19982
21766
6821
14887
17455
6599
13729
17918
5277
672
1138
918
1836
10828
10882
11084
18282
18452
20943
3289
18424
21207
3565
6215
3475
3964
6974
8058
17394
6855
8287
21083
10064
14759
10536
13744
15386
15522
19696
22086
8226
2760
4099
7063
12479
13557
17807
6450
1551
2314
3686
3965
5743
6217
6981
7737
8060
8851
9187
10065
10540
19634
11218
7995
4679
7407
7624
10829
13879
15005
20910
20924
21211
21775
14931
15391
15523
11479
20527
22330
2379
9616
1374
1868
4935
7632
5934
11446
17812
18713
2806
11013
17846
1557
3570
3706
3978
6518
7303
7738
8062
9203
10068
15033
10543
14967
15528
15690
15740
17526
20845
22332
9961
3627
5499
8072
12774
16343
13410
10273
11933
20929
210
8324
180
22538
3146
8335
13183
12666
13358
17363
17799
21284
4403
21750
17895
19747
1558
2318
3571
3711
8541
21964
19400
4235
7611
7739
8368
8855
9204
10069
10887
16051
15229
15245
16762
17643
21108
22337
9058
2991
5816
13725
15838
1947
18203
22632
17586
1803
2321
3802
3712
8140
12783
17087
3899
14018
14337
17794
2092
3415
11902
18187
4237
6520
7836
8369
8858
10910
10118
16318
5498
15286
15771
17012
21112
11961
11053
17680
8187
15933
4895
13594
2995
8342
22001
9002
20595
4756
22704
923
11686
1807
2323
3922
4047
4238
5747
6795
7742
8109
8376
9127
9205
10314
10914
15289
17548
1739
19904
3000
6831
8656
11296
12483
18114
16333
17013
21113
22613
3121
7106
8425
10660
11285
14645
2093
9524
14003
16029
17080
18089
6382
1954
12303
1811
2325
3924
4239
6806
8124
8665
14548
22163
9131
9207
257
10315
17014
11187
15553
16715
16339
16823
17644
21623
611
4112
8346
11935
19488
22273
15989
16461
1363
11221
2496
16818
20903
2155
4613
13911
12600
16969
19837
20881
2340
21245
312
14291
21079
2328
3935
17931
11680
4464
4581
7115
7914
8127
5766
8964
9893
10318
11480
16347
15554
17293
18215
21624
619
11099
13386
14586
17213
21822
17921
21085
776
1813
2331
3937
4467
4588
5751
7730
7962
8178
20135
1934
22005
1569
6156
8644
4810
5863
8078
12602
19006
3105
8969
9905
10669
11799
15560
16350
17295
18257
22203
568
953
13259
19264
4926
12967
671
2156
12031
14885
22391
1709
3172
4394
20226
11251
3999
11872
1816
2334
3952
4481
8012
7731
8489
9133
9255
4274
11947
17094
12000
12583
13145
20520
16582
11847
17297
4920
12246
9290
13605
16938
18062
917
1173
12222
4432
2380
13093
16515
17560
19932
19254
22234
17554
9488
17693
18283
4637
20613
2044
2336
22046
4175
4498
8013
4871
7732
8494
9139
10672
11850
15810
16874
17830
16879
18693
13101
18445
19426
22408
16994
7018
4251
1117
16008
22190
1245
3416
16185
8427
12454
12589
13368
16354
18069
18639
20992
21374
8205
2337
4463
18013
4500
5235
7999
8497
9261
10106
2071
1779
9470
10950
11856
15851
17146
18694
1172
2981
10744
4593
13617
2523
8600
14201
22762
19871
22591
2046
2338
2533
5245
4469
4797
5752
7888
12292
8792
17839
22264
40
20420
1758
4625
11460
18640
22482
8014
8498
4887
9262
10108
11857
16034
17150
18111
19038
19534
1250
19809
12955
2392
14699
8562
10013
16444
22246
21431
10782
18588
10867
2049
2480
2534
17837
3838
4478
4800
8005
8016
8740
9473
9623
12111
10953
16070
17155
17342
19044
18376
35
988
2303
4326
8332
21206
20210
6420
12553
17228
1308
18976
20037
938
1730
19644
3647
2421
3506
10707
14505
504
2535
4480
4805
5489
8340
8743
9474
18645
2778
22653
14405
17661
9939
10111
10954
16072
17382
19326
6577
820
1570
1711
2305
10518
11944
17889
22776
17446
20152
14568
2053
2537
4771
5070
5493
5753
8275
21692
10421
18154
10321
11859
12854
14080
16052
18339
19721
20501
8341
9946
18646
10956
12120
16696
22085
16074
17668
20366
21191
11102
22636
2749
2422
2867
12635
16000
9749
4348
2057
22675
2598
4780
5091
8157
8344
682
15437
8354
12441
8789
9953
10128
18647
10957
16078
17692
18229
19798
20375
2309
2233
2479
4666
7965
10520
21894
14064
7025
466
7388
1465
2428
2766
19770
2909
3871
4152
4832
6457
20182
2058
8193
4994
790
11350
6567
9165
19314
5103
8350
8358
9041
9964
10363
10960
16328
18515
18649
20960
7615
12333
18544
16001
21235
21415
22191
270
2064
2541
2603
5004
5105
5495
5758
8194
17605
1066
13338
15019
11672
15837
19797
1409
2580
10200
4128
5448
12434
18616
8353
9210
9969
10365
10961
12558
18752
18920
20970
5909
22819
20370
199
10780
14408
2433
5641
12324
10473
18446
22778
10082
19872
2065
5005
5387
8534
6110
8197
8943
9393
10368
10471
10962
12571
16363
18340
19328
18931
19800
20974
2895
21693
20207
1898
7683
8313
3730
6990
10405
20315
4275
16278
21886
2777
3567
5564
6063
8038
14742
22265
272
2066
2604
5009
5391
8279
1078
3375
9226
19204
21550
8535
9399
10480
10964
7983
13152
22659
11017
12573
16929
703
19573
21214
2996
3884
6760
8522
17035
4009
2067
6323
20680
12890
12653
14627
1410
7561
8010
9711
11408
13082
15009
15277
2607
5010
8536
8844
5393
5760
9778
10490
11036
16469
11289
12574
18938
18140
20093
21440
226
10404
3201
10338
17077
5860
9932
10406
19920
21236
21876
14044
19284
2608
5355
5399
5762
8628
10031
11041
11618
11131
12732
17697
1659
15448
15097
4395
5456
14026
13909
3297
3859
11421
19202
20097
22034
11677
11029
4677
16128
6587
2495
3004
3232
15193
6650
10409
10806
12685
15550
22807
11468
22228
5361
2356
2609
5511
8466
8629
8945
10034
11274
12977
11417
11665
5243
17699
19309
20104
22048
2019
4863
12301
6358
4585
4918
16510
12930
19035
21793
12492
1995
3027
3309
5308
6948
9424
9677
11960
8856
15839
15411
18470
21394
2362
14400
22012
5382
5649
8506
14845
8923
10040
11311
11429
12990
11890
18610
19593
20105
22594
8002
1388
8525
9426
10812
14417
15297
51
20317
2363
2610
5625
5650
5791
8508
11049
9057
19507
6060
10135
22271
3418
7261
12001
19022
13402
12277
12891
19352
253
21956
4249
8926
10586
11801
11892
13002
17701
18760
19703
20322
22663
16848
3067
15194
14226
14390
14819
18267
8132
22026
2365
2615
2861
5626
5659
8509
8929
9227
10173
10264
10587
11312
11894
12059
13003
17704
19143
19704
20055
20968
3589
7003
18239
3420
8460
16273
15491
11461
9078
14601
20975
21151
8280
12291
21664
12565
3516
3646
12974
21252
13332
14726
15208
2732
19023
1414
11310
16785
16431
22673
2366
5627
5675
8931
13245
10591
12143
12376
17999
20976
2224
3425
11616
12658
14019
14602
14891
15829
19720
20033
21248
5252
22310
5402
11610
12746
6197
8831
20169
11818
3526
6095
12893
22381
21551
2367
2616
5629
5953
8514
8933
11974
12144
12377
13407
18541
19868
20797
21238
307
4624
13106
6045
3692
13660
17422
16548
19317
19742
2853
6162
4819
12064
18095
2624
2370
2863
5631
6005
6073
9456
8803
8934
10187
10595
19608
8152
19524
9049
10437
11723
17092
12145
12400
13740
20229
21074
15905
20321
298
1296
4722
2501
3762
45
4444
4696
15622
3588
2824
2371
2644
14621
5635
6007
9501
8809
8936
10188
10597
11975
12147
12699
14034
18743
20235
21075
21244
2831
7562
8208
10300
18638
19572
1675
14114
9136
8232
15190
1128
12302
16845
1281
3059
3796
4451
7179
10839
12218
1031
13437
14680
20489
17340
3039
18818
2372
5637
12929
6008
8938
4198
7020
10408
10599
11979
12148
14304
20236
21477
21870
10655
13627
1667
11042
2517
2645
5642
6228
6314
6385
8939
10600
11092
22809
8333
10648
2509
12509
22009
16886
11444
4453
7651
15288
19683
12243
12500
12946
14313
20246
21163
21478
5864
16312
3996
7029
13687
9333
13501
10664
22197
729
7500
20550
3749
18966
2656
5645
6260
9215
9503
10602
11375
12276
12502
12947
14564
19359
20848
21200
21350
21482
4370
4457
5971
7943
7584
10353
14234
12138
13732
16460
14340
17579
6481
8183
8871
13903
2241
13107
16324
17861
21795
18625
2647
2659
5653
6261
16878
15994
6386
9217
10610
11376
14565
12278
12504
12956
12577
19364
21122
22010
22036
3354
4117
4501
5683
10940
13807
14727
20505
2661
2810
2864
5655
6270
22179
4609
22658
4000
7304
7349
10774
13260
15567
18414
16832
21807
6387
9219
11380
12591
12800
12957
4041
19673
6431
14844
19368
21127
22291
1845
12129
4755
8552
13348
15301
15765
20473
2662
11266
824
2915
5658
6271
6324
6388
9059
9504
9220
10613
12028
12593
12801
12958
14858
19369
21388
22294
5
9579
14090
16570
22648
4802
20436
21351
16149
21629
19250
4013
12603
795
4036
9680
13061
9766
14682
21014
18759
19018
2663
5660
6274
160
2551
9867
20356
12598
6389
9086
9223
12662
12960
5858
16470
6576
13033
20126
14859
21633
22668
2799
4985
10465
10779
17832
19766
13606
10151
10915
16961
4543
5454
9681
10834
14942
9408
18420
4557
2667
5663
6275
9224
14860
10614
12962
12663
12853
13036
20127
21915
7808
20577
316
4990
2813
4691
6971
10944
14218
15756
21226
19073
19845
20068
20567
6897
19029
2670
2918
5669
6276
9225
9423
10615
12856
12879
12965
13037
14866
20424
21916
21155
2344
9158
11354
600
8184
5544
20119
3602
14169
18112
25
4352
4544
4992
9682
14591
16021
20291
22287
13653
14344
14681
2674
5834
6278
7677
16454
7591
9559
9807
10616
12857
13038
13188
14869
20675
22205
7374
11192
20873
3166
4872
8290
2675
18991
11177
17490
8327
13118
13756
1177
1330
2572
4996
11295
17001
5835
6555
10617
7613
13095
17064
9560
9811
12858
13190
14872
20677
22331
13044
2256
166
3293
9729
17392
20391
952
4546
15214
731
22258
11730
2676
13852
2919
5952
6571
7686
9562
9563
10061
10619
12859
13191
13273
15627
20940
22494
2138
4143
4997
6126
13414
14192
19938
2483
6224
11240
17093
10547
16825
4548
33
10352
5079
14084
15469
20394
22660
2677
5955
6572
12860
7853
2435
9018
21704
9918
10094
12912
13196
13275
15635
20998
11819
22499
6744
1727
6861
4998
8770
17542
13961
21422
2678
2870
2932
5956
6325
20586
22238
7831
2525
16987
17096
19862
21776
12517
22661
6573
9919
10344
10625
12861
13276
10357
13401
13449
15915
21271
22500
487
11085
3045
6768
7803
15574
4823
4999
7310
14589
10673
20395
7797
19848
19535
3825
5962
6575
2679
2944
7880
9564
9920
10361
10626
13277
13403
13455
16150
2306
3087
9101
13731
16824
20883
5367
21272
22506
9138
18955
3314
3559
14636
4855
16351
5080
6766
7372
17546
17246
8915
2680
5975
6580
9922
7889
9566
10627
22508
10715
12862
13278
13576
16447
21274
15230
3586
5000
12972
18662
20884
22483
11089
17775
2682
2945
3154
5981
1067
8529
7396
6185
8591
5143
5958
7657
14085
10044
6581
8195
9931
10195
1100
17360
21396
10721
13280
13405
16455
13992
22032
4538
15687
22232
21275
22803
18182
5001
14950
15969
19406
543
2685
2953
3155
5982
6373
6582
10199
10208
10722
10628
13110
13473
13949
14011
16456
21276
22804
5970
4350
1073
14685
15176
21068
17174
17215
7075
8181
14342
16862
11725
21402
5144
5502
6752
8252
22818
9878
18098
6122
8581
3403
12840
2955
5986
8196
6584
10205
10434
10629
13343
13536
14145
4427
1240
14225
16708
21279
2859
16495
7681
1894
13584
21999
4785
1972
2339
3839
1467
2189
5107
5145
5197
7662
8245
18350
2686
2961
21280
5987
6758
8467
22643
10206
10436
10635
1105
13350
13540
14478
14771
16939
12307
11963
20311
2259
7634
10184
7961
17386
11065
2687
2965
10426
3160
6226
6641
16830
6847
8505
10636
10446
13593
10723
13780
14483
14774
16977
21515
6991
14978
13585
5198
12875
17375
18352
21501
13849
4123
4382
5146
8881
7371
18711
6614
14108
9202
2688
2971
6227
6858
10730
8806
10429
8073
5503
15345
16571
1064
10638
20897
14095
14634
15050
16978
21516
6429
5200
8339
8866
14482
18400
18624
2689
2976
3162
6236
111
2477
3140
467
21403
5147
18453
10226
13775
15285
17543
17500
19300
22056
2137
7021
9088
10430
10641
14734
15051
14101
17216
21517
17647
7904
21494
5457
10412
9515
11195
11659
2461
11293
7649
2693
2979
3165
6238
6903
7146
9091
10431
10449
10647
10949
13597
14151
15017
15564
20021
12372
13666
440
5839
7088
11118
15200
17441
21698
14948
8721
9847
19265
16502
14413
5148
8251
15233
16838
17524
18628
19672
22503
1395
2694
3204
6257
7147
9093
10692
10825
13890
14354
17442
15579
3116
18672
22067
667
5840
4262
21178
11413
14594
4067
20193
21528
6707
2695
3167
3206
6258
6906
8840
20390
20345
5812
8151
8168
9909
8756
10160
13294
15557
15995
2063
7164
9400
10698
19656
10833
13892
14357
15863
17513
22701
21035
21375
21954
9874
5530
5149
5841
15270
9836
16047
2701
3170
3336
3208
10699
6259
7187
9413
10451
11103
13894
14358
15530
15868
17517
7104
11070
12489
17849
19663
18619
3310
17940
22551
7586
3818
10411
5122
14099
5152
16304
18241
18630
18710
22092
2705
6533
7188
9416
10704
16837
8264
5876
11398
13895
10348
14359
16084
17618
1517
6027
6221
8757
12310
15181
16342
19516
13241
2707
3214
3379
6534
9448
6908
11399
16827
22575
13112
1403
20350
14595
19158
19435
7197
10461
10980
10983
14173
14360
15821
16087
19489
21170
11326
22162
6223
13665
8267
10153
16916
19000
15735
5559
7862
10196
5689
19827
2708
6537
3223
6912
7209
10463
11202
14362
11400
15825
14174
16125
17619
2190
6408
7689
9389
20514
22297
4357
22235
13899
20032
19542
3001
5159
4958
6229
6601
11324
14898
21823
2715
3224
6538
7212
10836
10996
11235
11735
16277
1958
19944
14175
14363
16619
17766
8115
8261
21662
12323
15790
20589
21377
2716
11390
3225
3182
6546
6918
7214
10092
10838
11001
11736
15826
14176
14406
16948
17781
18078
11631
16327
17998
6230
7004
14679
20802
12561
582
4294
11008
21435
5164
7247
11715
13134
14217
14350
15796
1725
20477
18979
4896
8836
9443
9464
2720
3432
6558
10339
7215
11743
11026
11391
14426
14597
16955
17783
6883
14648
21615
22298
9435
2722
3381
3433
12836
16551
14912
8474
20519
5173
6233
10087
11741
19480
7233
6560
7216
10340
11505
11107
12032
15828
16956
17784
1389
5640
16064
4272
16980
6055
154
14222
19277
22678
2851
9164
19506
2723
3578
3437
6818
6919
7217
10342
20923
2494
20885
2488
12034
11401
11506
14427
14598
17182
17786
4706
8980
2560
4922
21984
3366
5174
6280
21895
7370
12613
21556
19467
17537
19510
2724
3439
6822
7219
11817
11510
10667
11019
11663
16958
12247
14428
14599
16058
17463
18318
9032
13631
20075
20513
22293
3518
16252
17612
21763
19945
21451
5219
5300
7691
3444
2992
6836
7220
10726
11224
11517
11744
18698
12248
14430
14600
16904
17470
18330
8649
21356
749
13632
13481
14464
19733
22473
929
12250
3445
2993
7558
6837
6920
12340
19496
2173
7221
10727
11520
11748
2832
6823
22016
9855
18487
14431
14899
17733
16917
18331
3380
8841
22084
8329
19946
158
880
5220
14708
22781
15443
3008
3447
6838
1871
5516
13781
22277
10994
7222
11225
11527
11751
12346
14434
14900
17145
17734
18691
11609
13258
2142
11649
14457
19347
19652
6839
3011
3448
6923
7223
12811
4270
6765
850
13240
6969
14835
15241
15844
7583
10995
12348
20995
11528
11752
14649
14902
17147
18263
18692
7266
11968
1842
5227
9544
16856
16912
20909
5643
8464
18632
3014
3449
12349
6842
7224
11252
968
7631
17151
11529
11754
14650
15369
7050
2772
13896
19442
18421
19086
8576
7267
20463
5423
7423
12237
12609
11370
16057
16895
3015
3451
11020
7125
7225
11253
11530
11957
6885
13952
12354
14651
14903
21140
17164
18792
2492
20931
19139
2298
6439
13784
5251
16496
3018
3141
3383
3452
6926
7126
7227
14
14190
3233
17124
5565
14305
20851
11248
11640
11992
12357
14655
15132
17166
16136
19079
19666
11830
18066
20926
5822
2587
3194
5433
8021
13564
21387
11662
8159
11024
21243
3385
3237
3453
7127
1641
7228
11281
11531
11641
12036
12359
19911
14657
15134
17676
19088
554
827
20806
17131
7917
13600
13836
1903
5347
893
5434
1121
8028
20268
17658
21608
3238
3454
7129
7229
11532
12040
12360
14658
15189
17964
9746
19159
22600
19109
20184
297
1051
2803
6068
5616
16317
2210
15923
3239
3455
6928
7130
7230
11533
11638
11922
12041
14659
12362
2283
6044
12595
192
8347
15161
13886
15377
18224
9414
19110
20760
21087
238
3789
5435
19010
20966
10764
21461
18344
13648
3240
7133
3459
11924
7231
12669
11534
12043
15380
14660
12828
12730
20431
20779
1914
4750
8032
12824
14862
20544
21997
6182
14129
3241
11645
3460
19678
18695
433
9541
13001
13476
7600
5436
12586
7097
7134
7232
11925
11535
12044
12671
18232
14661
20437
20794
4017
478
6135
11183
13216
16497
614
1447
12021
17922
8828
15651
3242
3462
6929
14920
7135
8826
7237
11536
11927
12296
12924
14663
15381
20795
20446
18233
8033
8910
5951
9000
20490
14182
19334
2361
7911
16857
1671
17709
19129
3920
4959
5440
15508
19834
18686
3243
3463
11270
7136
7238
11541
12224
12300
13163
14664
15383
18514
20451
20805
7622
730
6515
12829
11936
13587
15906
17104
20079
21454
16140
3248
3464
6940
7137
7239
17881
22606
12542
358
13304
1006
5334
16869
11359
13098
21917
11543
12141
12225
12364
15384
18518
20452
21056
8624
4028
11888
4078
5441
20101
19988
13374
15433
3249
3389
3465
7139
12227
7448
13164
11545
12229
12366
14665
15385
19053
20455
21059
142
1282
256
5889
5314
6516
8034
16159
18451
20609
4875
11388
5464
13387
12490
14962
22282
4616
6030
3645
3251
6767
5664
7140
7556
11547
12230
12566
13165
14666
3012
13236
13839
15677
20705
21584
1013
22577
1313
21972
9363
3252
14229
3183
8325
17666
5194
5737
9926
20341
3466
3650
7142
7560
11549
12232
12233
12567
13166
15679
20713
21585
3128
13853
15747
20269
1071
2126
5142
8438
15218
16580
16720
10577
6618
11105
6972
3467
3873
7143
7782
11550
12234
12527
12568
13167
14669
15680
20103
21007
21882
12337
15450
21714
11997
2741
10105
14162
7412
9865
1587
5738
7379
14743
14196
3253
3476
14989
7144
7783
12520
12524
12528
11551
13168
20372
14160
686
1629
15946
15072
21012
22155
4356
7546
18506
2750
10225
6084
18978
8587
3254
6973
7145
12525
7784
11552
12530
12675
13169
14670
4409
10350
9345
5097
19338
7243
21392
12344
8481
15220
16348
22806
15947
21289
22157
11325
2751
5739
12516
14213
7960
237
16890
3349
7148
3479
7792
3255
11553
12526
12533
12927
13170
14671
15948
20646
21316
22169
1288
5339
1588
13421
15774
17507
15540
14116
4003
4406
9494
15217
5740
8639
14511
15494
7149
7798
11561
12534
12273
12803
21218
13172
13344
22154
15949
227
18517
19840
21540
22748
11384
10341
3149
2752
8779
22588
13908
11861
7043
20491
3256
815
8070
2514
5741
6173
15514
17431
3482
7150
7799
13173
22763
13361
16197
21239
21543
6716
978
6139
4085
18329
1762
3257
2347
10026
3484
3885
6982
13108
7151
13174
11397
7800
11563
12535
13430
15414
13808
14673
16198
21240
21844
6472
8643
14498
15811
11287
17907
510
877
3893
3033
6783
5748
8780
9536
17428
20632
21688
13268
3488
12834
7154
7801
11564
13175
13432
16199
6747
21859
14499
19571
16921
20407
17625
21071
7002
13716
3258
3708
4072
10000
13071
13411
7155
7279
8029
11567
13433
14674
16200
21247
22326
1763
12787
18687
11885
7897
19273
22642
12298
13954
5754
3102
6746
6754
3288
8950
8960
18242
21801
12223
3259
7156
3716
8030
11568
13073
13417
13434
14675
16205
21491
22360
11969
7132
9070
16267
21880
7294
11500
3641
3260
3720
4073
7158
2193
5617
6105
12083
20556
13863
2182
3773
5757
21838
8045
16262
11569
13423
14945
22714
2546
5836
11661
16815
17977
2143
7992
21881
20029
19810
3346
3261
7159
3722
13074
7280
8067
13424
11574
13435
14949
16474
21802
4284
8951
8009
19373
3783
7824
7288
4555
1085
1679
13803
13868
448
3080
593
9308
13661
19794
12124
17514
3856
7162
8071
13078
11575
13425
13436
14952
16477
5759
6131
22609
19149
15539
15739
3262
3923
4076
7167
8074
11578
12554
13305
13579
13663
14953
16478
335
2151
2409
2487
2250
10662
16066
21567
14647
18426
8462
6396
9079
4172
5297
16908
1961
5761
6116
7930
9228
9455
3263
3925
7171
8408
11583
13306
5875
8791
9825
22570
19236
13668
16479
2761
5898
4833
9375
10397
15254
4874
21812
942
22466
4077
3264
7172
3926
1284
14732
5793
12531
20681
8420
11593
13562
13669
13671
14954
16743
4604
1636
11889
12125
153
21430
2153
13629
1703
17393
3639
18758
16863
18459
3265
7174
7305
12557
8421
11597
13774
21171
13958
16744
1077
2763
9229
3266
3927
4120
7175
12833
13264
1074
21198
2731
15931
5781
1159
5794
8564
9385
10796
8422
13674
11599
13818
13962
15182
19056
11269
4417
18598
14760
6748
8146
11226
15148
15848
19551
19761
14389
8681
7185
3267
11600
12838
13832
16749
14238
960
2310
12627
14981
1484
3010
7821
18191
19289
18721
1704
10322
6050
9359
10496
11602
3268
7186
8682
13031
14118
14486
15207
16750
15276
15986
331
1726
9236
20303
20947
3828
15883
17078
20661
732
3269
3928
4132
8683
7830
7190
11627
13059
13675
14119
15454
16751
1554
21971
3315
11369
2239
4870
17518
4686
20263
2415
5583
6051
9200
20828
15332
121
11066
9447
3270
3929
13069
7191
8684
13676
14487
14620
17283
1981
2595
681
9237
11178
19295
21109
3271
3930
17629
4135
7194
11904
7835
8685
13076
13677
14491
15168
14640
5487
3621
3533
12253
13684
10965
15456
17286
17728
7747
2273
17969
3169
6052
11179
15022
20982
16048
16033
20297
4873
3272
7195
6693
6889
3931
8686
11906
13092
13679
14741
15425
15458
17287
2416
8143
19544
19119
3273
3939
7875
11180
18146
2207
7633
9401
14171
5373
9933
8688
14750
11907
13904
7646
10045
15460
17288
20599
2681
6075
4113
6486
11222
12161
14146
19333
19806
16951
22322
9542
3274
3940
7196
8689
12211
13303
13964
14751
15429
15462
17556
2279
9241
9425
21383
13187
21816
2836
21089
17937
19935
12254
21185
2774
3947
6318
7077
3275
8690
7205
12212
13307
13965
15026
2524
14241
15714
15768
16338
17557
97
2697
9937
10731
17358
21475
21339
14038
3941
3276
13309
7235
7877
8693
14195
12813
15029
10282
10724
19057
2521
19514
5861
12194
16083
15769
17559
9852
3493
5810
17519
6321
6142
3942
15358
10150
3277
7440
22514
8694
13019
15990
13312
14246
15269
15718
17562
14134
802
3058
9915
10391
11605
17628
21481
6440
17121
9083
16410
6172
6309
6328
9941
11643
19276
13574
3944
7444
14247
2127
3071
8695
13045
15976
15271
16285
17563
6077
8550
15081
12202
148
10419
12785
13487
4133
8011
18072
12916
21437
11874
3953
13316
7445
7878
8697
15272
8289
22161
1761
9352
15263
14249
15977
16290
17827
19285
14207
3189
6330
1030
18145
2846
3199
13651
15924
3797
19791
18663
3278
3954
18
14721
7446
13318
8698
13046
14495
15274
16294
17829
2906
9947
18524
6070
11934
3279
3957
18609
11689
12871
5935
8940
8827
12806
4689
4923
6331
10292
1792
7447
8699
13560
14497
15275
18102
16295
12241
7569
21424
17810
19066
19781
3280
8095
3958
7451
8701
13520
16296
15279
14752
4098
11474
13776
15997
18103
3423
8265
3690
5298
13599
1194
9806
14492
18516
16300
19410
10671
20373
2878
175
13156
6369
10261
11920
10685
7635
11982
3497
3959
7452
8879
14753
15281
16221
16553
18105
3822
8531
13272
19331
16241
18358
19340
21819
18540
3498
14911
8547
2368
3895
4416
6242
6374
8872
3961
7454
8989
13523
13801
14755
16222
15546
16554
18106
6612
7032
1086
3181
3429
15431
19820
4065
18394
1151
2500
4953
3499
3962
3055
7456
8097
8994
13527
20392
14988
15547
17113
18367
7432
17371
2346
10477
18810
13384
6623
13552
17850
21340
13582
17897
3500
3966
4136
7462
15548
8997
15030
16493
17367
18368
5260
3665
8144
13685
3085
3190
3501
3967
4137
167
7469
8101
8998
13749
13812
15031
15549
17040
17631
18643
3431
7435
8457
19237
10789
13664
223
16183
2267
12102
18999
6706
11407
7991
8532
8320
9522
19484
20509
3504
3968
7475
18948
8108
9249
13789
15034
15731
17905
18872
13228
11069
13786
13590
15488
4341
3505
3969
7476
8110
9292
13814
14072
15036
15840
18167
19192
12245
3659
12776
9272
9358
599
3347
6381
7208
754
1009
6627
7977
11411
14767
16038
20830
3878
3507
3972
16209
7497
9293
13815
14073
15038
17045
18169
15843
19193
9147
14707
12006
3495
19040
21606
13649
21176
3509
3973
7509
8119
9295
13816
17311
2738
14641
1385
12024
1010
12049
9278
11566
21369
15234
15845
17270
19195
17107
4612
11351
6640
21095
13678
21977
3511
19790
3974
4139
7522
9296
14075
15444
15846
17315
18170
19196
294
592
1011
9570
12050
3132
20503
8134
10566
2035
1469
12777
13956
6647
15011
15023
3591
16068
3975
4140
7523
9297
14076
16436
15541
17332
19197
1371
4626
10519
2420
12051
10794
14131
16840
21655
21785
3976
3740
4142
7524
8123
9301
16353
14077
15559
18171
19199
6813
11389
5589
250
15354
6384
14997
1683
3700
6905
10180
17974
3742
4185
7527
7949
22170
8222
20492
9304
13822
14083
16355
18172
19200
22194
572
11093
12053
21358
14530
9306
4187
6503
15762
7260
9493
17979
4032
6907
10218
20089
3745
4338
7743
13823
14088
15847
16356
18173
19444
20951
11377
12055
2464
19734
7665
15618
8321
3747
22475
16421
20978
11308
4188
4389
7746
8179
9307
14320
15849
19447
16358
17339
11056
14607
11656
14977
11276
6909
15018
3748
4189
18137
4390
7750
9676
6099
15461
14323
16075
16359
18174
19449
18360
8137
16440
2854
3918
4680
11061
15044
17621
7329
9120
3751
4191
4405
7752
8493
9704
13831
14882
16077
16360
18120
18437
20512
573
1327
21015
19450
1910
18483
16572
6915
3739
3921
6579
11290
13182
16476
3982
4193
7759
9709
14123
14910
16079
16588
16946
18438
19451
3963
4369
12058
15265
1072
1710
19182
7306
3983
4194
4407
7761
8744
9710
14351
15106
16595
18123
13334
3404
15159
2860
4304
8349
18443
19694
16437
14334
845
12488
6934
10845
15139
15340
16160
3984
4195
13798
835
11096
4411
7762
9975
16364
16596
7590
19230
15110
18151
18702
19695
2540
6461
11116
20132
17362
3988
8549
5247
12477
22192
22633
11124
11714
12060
13943
4196
7770
9980
4059
6574
21599
7723
11709
20237
15115
16597
16605
19697
15253
17886
3991
4199
16599
4415
1090
7771
8746
9983
14386
15117
17133
18396
18705
19698
11115
12061
12695
20896
4834
1134
3529
7579
19142
18148
4322
6750
4575
2034
6938
12236
16898
3992
4200
8035
9984
14895
9214
21473
15362
16602
15597
21254
17179
18397
19943
6569
12370
20305
21470
6470
3993
4205
8037
8751
15398
9985
7258
19831
4893
16143
1242
15243
17843
11121
13834
15562
3896
5504
8155
16603
18709
19947
17167
6983
19621
19002
1553
19348
5446
15887
4208
4240
477
14917
4418
9986
8056
15401
16604
17180
19003
19948
4170
17396
20306
16256
11031
6568
4090
11174
17815
22584
95
1729
7274
11764
12690
4209
4252
4419
8059
9987
6170
7122
8589
12261
15407
16924
17434
18402
19004
19949
15955
8083
18221
9075
20528
4210
4253
4623
8061
8753
9992
19267
20517
15446
12066
15166
15408
16927
17435
2245
18661
19007
20220
2823
3168
4173
7278
17170
20307
8412
11632
14758
8453
4254
4698
8066
9995
15172
15409
6430
5523
16928
17436
19239
19281
20221
12932
19409
15438
11884
13203
16727
17097
20928
6085
7564
21577
12676
4211
4255
4699
8359
15187
15410
17171
17437
19241
19525
20222
16253
2880
9441
8266
8625
12933
16326
16367
6586
6341
2292
4212
4261
4700
8370
8786
15675
10245
15659
17175
17438
19472
19528
20223
6708
13249
16881
16137
18716
14393
816
15556
14697
3875
21228
7580
10813
12418
12966
18204
8371
7033
1574
17760
4263
10250
15660
15981
17429
4693
17439
19473
20224
4174
9842
22808
5916
20384
4214
4264
8380
10468
8793
15662
18856
10624
11604
18180
5120
15043
17854
19833
21500
22388
17432
17696
19792
9822
20225
5871
4300
7581
14439
11258
2756
7687
19693
4215
8395
4506
10491
15668
17433
16405
17700
19475
20016
20227
12701
13440
6799
1618
20588
16563
12551
13625
17570
18864
1969
7834
13915
16207
18522
9446
4216
4507
8402
10506
15708
15996
17695
17996
20521
8249
13722
1809
5272
2468
12753
16630
2290
16883
20288
4511
4217
4707
8411
9042
10507
15964
4306
5927
12016
21835
22682
19478
20525
1224
19778
5930
14937
7838
13357
1314
20292
13443
16945
2025
16301
13766
7307
4218
826
4512
8414
10527
16166
16472
17980
20049
20526
2780
16689
15629
14720
7712
17051
2059
3580
7839
13942
18024
4224
4513
8423
16473
10863
16170
17981
18252
20836
11205
3914
4083
9161
16734
4280
4459
14130
17920
4225
4514
8642
4765
18296
9344
10865
16178
16501
17983
18254
19716
20050
20838
8169
13446
22580
7769
22403
482
1099
9323
222
1155
4964
10514
18696
6121
7874
10415
10457
4515
8645
10871
16211
16503
17984
20839
4592
7589
12841
11898
14646
13448
14702
18566
229
4226
4520
4708
8646
9346
10873
16212
18255
20051
16795
17986
19724
20840
1379
11323
20546
1810
14459
13975
8094
11090
13968
14580
18795
19589
4228
4521
4709
8650
11123
17988
18476
8130
22517
5294
15537
20842
21436
12160
13611
10821
13769
926
16488
4231
4522
4710
8652
9348
11162
16798
10311
10381
11356
14265
19092
10760
17989
19981
20843
150
19026
20979
8096
12165
14714
13325
2852
17599
17864
4465
4526
8653
7578
11164
16721
16801
17991
18535
20053
6203
20274
20846
14299
19388
6459
8147
780
2975
12480
5172
6984
18403
8098
12855
13042
16540
4466
8654
11165
16725
17992
18731
21101
10822
14215
6784
6690
14180
14500
20429
6335
20213
12580
13854
18504
4468
11166
4527
8655
9768
17214
17993
18733
20333
20551
21105
4428
7425
13610
16965
791
16593
87
8099
13180
16215
22585
4471
4528
4713
8664
13657
11167
16805
17254
18246
18769
20334
20557
21106
16816
11427
22784
21205
17296
3402
9497
12755
4472
4529
4715
20876
8666
9776
11169
16836
17255
6879
16216
20245
18247
18771
20913
21107
21447
13262
1750
8103
14508
17235
19550
13800
4473
4718
8961
11171
17038
17539
18249
18774
17664
7923
8348
20916
21115
21798
12562
15533
21147
21636
761
8921
4476
2175
16792
14768
17669
18393
4530
8970
11456
17573
18532
18775
20918
21116
6651
260
19832
8104
22073
13040
19842
4477
4806
4914
8974
11457
17041
17798
813
9216
16728
18534
18776
20919
21117
3886
14772
8081
9914
4879
9190
13100
8105
18125
4479
4808
4915
8975
11463
17833
18761
19075
21189
21408
21627
15734
10732
18724
22164
4571
5586
2758
11088
22569
9883
15105
10083
10482
4486
4809
8976
11762
17047
18762
9322
18845
19076
21190
21409
21628
15041
1406
8154
13261
15001
17900
19745
3486
10749
19217
8113
17569
4490
4811
4916
19059
8977
11776
19308
21192
21902
13855
20080
18679
21412
7401
17648
12582
17814
4491
4812
4937
8995
9779
11805
17271
18848
19061
19363
21195
21658
21907
1225
10805
4572
20540
4669
2745
18045
15420
3161
8114
15291
14692
19709
4493
4818
472
8156
9231
19068
11806
19366
21710
22200
2212
18110
855
12908
17095
1639
4494
4821
9238
9781
19590
11807
17277
18850
19070
10337
12235
15422
4729
21667
21711
22202
21906
1059
7079
1988
4851
8118
200
4495
4939
5048
9243
11809
1326
9122
13369
17622
5771
4391
18942
19344
19591
21720
22204
15292
4496
4940
5110
17321
9244
9793
11810
18945
8093
16156
557
14558
20723
20980
18269
19345
19858
21938
22379
16499
1686
5925
10413
1897
8120
6812
10154
4497
14348
16233
4943
5111
9248
11811
18946
19346
19859
22195
22478
4436
5002
12910
20575
15730
6988
10017
11334
8122
8635
15620
20149
4945
5115
9251
11812
17322
18950
19350
10754
19860
21727
22479
22557
17924
1975
4836
18651
20665
5869
2984
5310
9737
4759
4947
9263
11813
5117
9796
17324
19151
19353
19861
21741
22488
7659
18413
15517
22646
231
9054
11073
17100
14377
265
8125
5199
10456
20190
4760
9264
9074
20917
11814
17333
19152
19354
20133
22489
22564
15693
6426
19515
2730
4761
4948
5118
9266
9797
11816
17334
19166
19355
3652
9767
3009
305
3843
18878
20425
21989
22566
22491
6588
11719
13394
18627
16567
8128
20515
17053
5639
4762
5124
9267
11820
17337
8832
14994
19167
19356
20426
22259
22792
22813
5201
11273
16993
16240
22292
13866
5554
14441
16063
8131
15696
11403
21805
4763
5125
9273
11955
17338
20340
19169
19357
22260
22796
12403
14204
13532
11021
18880
19051
8706
21614
4767
5128
13871
4951
9300
10039
12062
19174
17584
19358
20590
22261
22797
7720
11472
3327
20977
13875
3557
18184
21199
5206
8451
4952
4773
5129
17585
9582
12065
6449
19187
19509
20672
22262
4233
22779
11750
15698
19830
6107
11348
13867
4774
4954
5130
9587
10041
12089
19211
17608
19584
22622
20674
18897
15733
5519
7794
10327
4106
8703
15490
22485
738
12108
8487
21947
2120
4775
4955
19214
20640
5131
9624
20936
12090
19585
22624
5209
16251
9462
3084
15850
19838
15612
5132
4776
4956
9934
10042
12091
17823
4518
8201
15939
18097
6355
15864
19225
19586
20939
10364
17665
22680
184
8745
9102
18941
21432
22730
13094
21582
4957
5133
9935
12095
17852
19229
5465
17636
14189
19587
20993
15852
21529
13874
4777
5134
10596
11291
6654
20611
8472
5210
14529
18365
9943
12432
17853
16885
19428
19853
1112
18523
1576
8747
16037
17840
13253
21913
9540
19959
4778
5137
5283
9948
12678
18119
19459
19854
20997
19955
20844
21184
18118
17817
20111
8732
12920
5842
8787
4781
5138
22236
16283
12439
16583
5306
9950
12696
19460
22303
20113
21266
5211
7620
21405
18244
17930
4782
5139
5316
18993
20758
9956
10607
12697
18126
19463
20115
21267
480
1095
16905
19422
11374
16319
6101
12027
2202
6078
18988
9076
20530
17365
21521
4783
5140
5321
9958
12717
18127
10768
15951
17761
19677
20120
21268
17048
3037
4787
5268
5322
10608
9967
12720
19967
20121
21277
5960
6347
6446
7973
21965
9150
14593
12547
8538
17274
9347
16526
22791
9641
4788
5323
5412
9968
12721
18391
20122
19968
21278
5905
6419
2513
18982
6349
13893
22208
12397
15223
16049
5324
5414
9970
10609
12937
19973
18398
20123
21281
18965
2206
8772
6171
17906
3734
11109
18392
7289
9350
3043
6880
4789
12938
5325
5418
9974
18399
20676
19975
20124
21514
3103
6086
9520
16826
22051
22229
14091
14625
894
5420
5326
10214
10633
20196
12971
20125
10376
10674
22799
21518
18704
3185
17091
5344
3808
9351
1939
4793
5328
20310
5421
10215
13209
20218
22647
18401
20198
17623
20398
21520
2748
3634
6360
13032
13598
4796
5329
5632
10230
10634
20199
13210
18404
20399
11210
4647
3916
5561
10310
16617
21522
339
1365
8920
15604
4016
8516
9353
10402
8189
13538
5996
5011
5681
10231
13211
8242
18660
20206
21765
6363
14901
10386
20043
2341
5013
5330
5690
10235
18667
10683
17868
19140
16622
13212
20253
7913
11220
20403
21834
8463
4601
3772
9354
14603
15007
10958
15983
5014
5569
5691
10242
13213
20254
20404
21836
6366
7825
22198
2998
8091
14703
19072
21874
5015
5570
5692
2755
7906
17870
15185
17536
9356
9849
10467
13222
20264
20410
21837
17917
7053
6663
1089
15136
3892
807
11655
13730
15341
16512
5016
5693
10469
10687
13224
20412
20542
21839
2784
12308
16931
7881
5019
5575
5695
5510
21093
5852
20062
1102
1241
9364
16896
13452
10478
19685
281
18867
21840
20414
20808
7054
4897
6667
8448
17159
10999
5024
5696
5828
10479
10969
18961
10006
13454
20417
20814
22313
11283
16932
18372
19913
17656
14179
15775
1108
12460
9391
13351
22199
5025
5698
18962
5906
4858
10489
13471
20418
8243
20816
22314
19517
7138
22679
17032
5031
5849
5911
10492
11197
13480
18967
20419
20817
22315
1924
6994
16936
20847
22789
15736
13951
22630
13869
4965
6147
9759
17529
12543
5850
5032
15137
5915
10503
13717
20421
20853
22316
14203
212
21103
550
176
21039
5033
5917
6013
11203
10741
13723
18970
20626
20859
22317
13782
22610
3827
471
19540
7296
13571
16435
7283
18973
19813
9760
17184
22794
5034
5923
6015
52
6035
11942
6210
10846
14014
20650
21100
22318
1925
13128
21998
5924
364
5036
6016
9098
22323
7297
9762
10856
14021
19244
22319
20652
21132
4610
17419
19280
6076
7344
17714
14159
9829
20349
20780
2794
5043
6017
19246
6199
10860
11204
14022
20653
21133
22581
19185
22769
14433
14133
11239
5047
16513
6025
2277
2815
7298
6018
6488
20657
11113
14024
19248
21134
22590
11733
21090
15900
17309
3118
8848
9777
18001
783
4153
13771
5052
4
6020
6489
11125
11698
14025
19249
20658
21357
22699
21490
7241
2788
6144
562
7607
8852
9790
16258
6490
5055
11134
6021
11994
6414
14258
14915
19482
20659
21399
22700
20870
3806
13085
18006
8224
18567
7643
8742
11513
6022
6504
11143
14279
20660
21400
22312
16003
2278
11015
9469
16865
19362
5246
5466
7608
10088
9791
5056
14287
6023
6770
11148
14764
19504
20669
21401
15191
580
13375
21814
1124
12863
13859
18007
18099
19476
327
8304
5057
6024
11156
11514
14290
19722
20988
21595
10161
16242
4021
3534
5342
16139
16482
4088
4591
5494
8020
9792
13364
5058
6026
11410
19723
14293
20990
6065
20648
21622
16989
20301
2503
17395
17564
18010
5932
9724
10959
5059
6028
11424
11518
8978
558
71
3158
7060
18147
14545
21253
21652
15744
6692
6726
17349
8024
10027
12559
19533
21152
21867
5060
6029
6771
11425
3845
14549
20553
19729
21256
21654
1668
17642
18149
2522
14341
6032
5061
7014
11428
11519
16349
16774
19922
21104
2816
3360
6728
18011
14551
19730
21257
11243
8571
21920
8797
5352
8039
9492
10028
19279
9201
15439
11227
16984
5409
5064
6039
7066
11432
14552
19731
21261
21922
12264
12363
21684
12599
6164
8172
10035
11651
20219
19755
5065
6132
7078
11434
14815
16834
12575
21262
22176
4655
20833
20786
5950
13515
18014
5066
6133
7080
11435
11521
21263
14816
19991
22218
6998
12288
14040
9558
17703
18130
21114
2091
18626
125
6735
8175
5067
11385
6239
19994
11436
11556
14825
21265
22222
3298
21873
7363
9810
18773
20008
21709
6718
7073
8843
146
5068
6282
7084
11445
11573
14830
19995
21504
22223
11866
14890
5488
2281
8177
18369
9499
13659
10329
14756
14633
18015
22619
1770
11710
12839
6283
14566
7085
20001
11449
14831
21509
22410
13029
14418
20523
11091
716
5069
6284
1814
5775
16041
8475
10331
15816
7090
11454
14834
20002
21510
22412
21962
6412
13667
17899
1310
11728
14121
17079
18016
5074
6285
7381
11576
11757
22425
14836
20017
21821
7941
17058
13959
21141
3752
5076
1125
8476
10620
14122
15534
20969
21102
6286
7384
542
11760
17084
14838
20275
21826
22433
17651
11039
21057
15808
17172
18017
4892
6243
20581
6288
11577
20278
7389
11763
15062
22434
21827
14388
14690
13153
14840
5077
9989
3333
8479
10645
17366
18642
6289
7390
11765
15063
20279
21829
22442
4734
3083
12757
14712
8528
5485
16371
18018
18220
17990
18995
21670
5078
6291
7393
11603
11766
15071
20281
21830
22447
4646
18722
21234
7939
22611
13726
464
1941
8829
8480
10650
5082
6292
4643
7394
11775
15074
20285
21831
22460
10442
20215
9039
9343
18262
4523
9977
2754
15671
7395
11779
15321
22061
20318
22522
14163
11441
12994
21502
20112
5413
11487
11825
1860
17044
10688
18726
4373
5083
6293
7630
14224
12046
15323
22550
22062
8641
14946
22615
1058
3095
5088
6299
7697
7046
11863
4519
1953
18550
20283
20335
12063
15324
20516
22063
22772
18085
20360
21511
21177
10690
18680
13860
22017
5089
6301
7703
12068
15328
20552
16334
22065
81
8778
22810
19305
5093
6302
7705
11908
20558
12084
15329
22309
1713
19559
18553
10293
7022
149
2526
888
10934
21761
16414
13396
5094
6303
7706
12085
15563
3850
22683
7276
1967
9068
15198
6168
14230
5095
6307
3029
22822
7709
10654
15197
22589
4312
7722
10978
18557
12367
15601
22686
481
5098
6310
7711
2056
12123
12368
15611
20559
22687
13080
5515
17638
4617
8634
9071
16556
1717
683
16163
5099
6312
7713
12126
12374
18357
4645
7059
17114
932
18579
15613
20563
22688
11367
9196
10149
8700
11393
11194
12784
16096
20869
6313
7970
12375
15614
22691
1859
9373
12067
16844
22640
7333
5100
6595
7972
1634
12128
9459
356
462
10435
18778
12378
15615
4843
6165
21208
1584
9518
11237
12320
5101
6597
12385
5299
10375
15616
20877
22693
14588
22770
2838
9386
12020
17187
17604
20381
10312
5362
6598
7978
12132
1056
8887
13870
1616
21702
18789
12386
15617
14874
488
15493
360
8678
10666
11537
12231
16341
17482
14037
1135
18234
6600
12401
15881
12328
1615
10072
13761
17089
18530
5364
6602
7980
22390
20052
381
10785
11555
11926
22240
18924
12402
15888
1669
3594
12925
5365
6603
12679
8291
15174
13371
17217
12133
15889
1169
5534
10476
10997
2983
10052
5374
6606
8297
12134
12682
15891
20879
2782
7849
1442
4861
20649
18929
20597
10049
18304
1218
7378
9565
19403
5340
4733
11562
6607
12691
16082
20880
5877
4531
10487
17702
5913
15251
5375
6611
8298
12136
12780
11691
11630
14749
19084
12698
16911
6254
16127
21097
2490
202
9527
552
8314
11864
17866
21469
5377
6615
12702
16129
21146
16189
8590
11112
18388
15978
16069
5378
6617
8299
12705
12762
16133
15192
17168
295
18236
19130
20904
21150
157
5180
1655
8609
11865
13217
10263
18644
5379
20025
17066
6721
12708
16135
21659
4619
371
11228
18238
19679
10197
5380
6862
8308
12710
12770
16404
5678
5304
725
2413
9137
19594
21663
17063
14635
16718
12127
606
19971
20914
20957
4110
18131
6863
12713
16416
21666
483
1454
5888
11406
21617
13828
22321
4321
5383
6864
3335
10769
3735
6209
12135
21725
8309
12725
16608
21896
18312
20593
989
3414
3785
7668
12047
3295
5384
6868
16675
12792
21911
8310
12936
21868
18871
12667
19595
22247
3864
21251
22785
7901
21884
21459
12469
6870
16428
705
5385
12951
16676
21924
19537
1299
4622
6058
3330
12152
5388
6878
8315
12793
12959
16677
21974
21930
4737
6422
16779
19600
4682
1819
6898
5389
6881
22824
6342
6661
7931
12471
13171
21480
2226
12961
16681
21932
4116
6727
12153
2186
6437
6876
5392
6882
8583
12814
21934
13451
16682
4738
8007
8164
20139
20325
20109
8796
5394
6886
8584
13005
13456
3326
13324
1697
10367
16683
21935
7009
21758
723
6272
12472
10066
12155
5647
6887
6143
8585
13469
17181
11028
21941
18240
5851
9828
10385
20439
5648
8598
6893
13007
13575
17191
21946
14629
17002
17076
2441
3651
3784
10317
11949
8458
18429
3746
12159
12473
13882
3247
5857
5651
6894
13681
17201
8854
21948
8760
6379
11666
15943
20474
21813
5656
6895
8601
13017
13980
18042
16591
22744
2469
1039
7040
17209
3077
4559
11871
12162
12474
13673
14096
16530
123
18974
5667
7248
8360
6467
8605
13988
9106
17210
12515
22045
12873
21209
2559
10328
446
12164
12560
13966
17005
5668
8606
13990
17211
4638
12954
21996
10939
5673
8607
3770
3078
5543
19222
15258
7251
13020
13993
17212
22561
12167
13373
15750
17565
19937
5973
7254
5843
9981
907
12767
15482
8608
9481
17481
22815
15817
16506
2762
14301
12178
5957
16091
15746
19223
21067
20958
7256
9508
13021
14010
17486
16413
7854
14947
18497
2426
21927
17264
9856
1162
12179
13013
17995
19699
5974
7259
8610
14149
17491
7883
11250
10886
12493
21000
17279
897
12271
14841
17860
18143
5983
7262
8857
10516
13022
14259
17492
2547
13084
17253
7107
15240
3537
12180
13015
13072
15287
18772
13604
5984
7264
8884
10681
14261
17493
10084
2552
21294
4597
5985
17776
7265
8885
10817
13047
14262
17494
4290
8190
15459
15561
21410
21985
6677
11887
19776
1573
16804
17624
12184
2562
13016
5988
7268
8886
11062
14263
17729
22099
1042
8510
8769
16190
16288
9365
6710
5989
7269
8889
12309
13050
14267
11845
12918
17741
219
2563
12186
19689
12219
13596
18432
3006
1106
13048
5992
7270
8890
14280
17742
2515
9130
7997
12789
1880
12191
16889
22614
6296
5995
9338
7272
12496
8891
13051
14282
14449
17753
8471
17319
16685
6000
475
1913
15918
2883
1882
12506
13049
21169
7273
8892
14512
17758
2130
2195
19978
7841
19290
10090
19287
6002
7571
8893
13052
14531
16922
17759
18150
21088
2885
9066
12507
15165
17000
7108
8914
5884
3065
741
10987
6003
14052
14770
18041
10670
515
18989
3666
10952
14916
17677
12508
21188
3151
10274
2032
6004
7574
13519
14773
18049
19754
474
1539
3995
13773
1399
3667
12146
12804
18521
8946
6241
14783
1976
6399
18298
1987
8935
18020
22069
21194
9547
13256
1540
7989
6244
7638
13521
14784
18299
6
12802
1900
19257
15133
13263
10123
5767
1552
3897
12931
21196
6245
14785
18302
6943
19665
19307
21327
1876
22490
11958
22074
18177
6247
8894
7807
13522
14787
18303
20045
2382
3898
21723
9478
19231
6248
11679
8619
2467
5908
2061
13053
13281
8897
14788
18308
22053
7
394
2181
7111
22077
22625
6249
12818
7809
8899
13790
14789
18309
8145
20072
1323
17505
11004
6250
7810
8900
15722
7343
2586
7118
13282
9809
15353
13517
18577
162
3179
12616
3779
22087
6251
7008
7811
8903
14062
4010
14790
18799
6196
13422
529
6519
4656
2511
6222
10808
10984
13284
13752
6252
7812
8904
14792
18813
957
19513
20898
10795
22088
16557
6255
7813
8906
14063
14794
18819
19259
10818
15920
22681
3989
15389
17062
6256
7814
8907
14582
14800
18820
16249
10100
3110
4919
13287
12442
10709
3312
10823
1349
13753
22147
15225
17730
2814
6265
7815
8908
14807
18821
11211
21887
14339
8286
6266
7818
9189
14612
14808
19089
1163
8111
18688
13333
11395
13438
21158
4048
10032
17307
8928
2369
19846
22386
15232
22384
6267
9195
14809
19394
3653
8490
12731
16164
13856
17627
6268
7819
9506
14614
3615
4442
13541
19397
3596
6594
17616
6463
10682
12030
9403
22800
7011
18863
16740
6269
7820
9539
14810
19398
21393
12596
15552
6543
7829
9543
14615
14812
19399
12660
13542
19298
12552
15405
7892
21395
20612
15634
2668
19918
6544
9545
14814
19401
93
6146
15129
12923
17535
19054
8003
17067
16407
6548
9546
8076
14878
15045
19627
2048
7952
13544
17994
18071
4502
22000
4482
13658
13796
16793
18349
6550
8080
19630
9843
21970
13550
19413
19708
4970
21610
19828
8085
6551
9884
14909
15046
5505
19631
1080
18433
15678
10568
4636
11193
17069
21217
3386
13554
22519
17944
6552
9896
15058
19635
20920
13662
18659
2387
22774
6553
8086
9897
15061
15108
19639
4354
11383
9832
13787
22520
10470
213
11111
17951
19492
10117
15123
14630
3508
14235
6563
9901
15294
19886
13444
2131
17791
21885
6565
8087
9902
15112
15295
6071
19887
20102
13978
19233
14744
11063
8089
9903
6566
10051
9444
19530
14940
122
4054
7424
4376
14068
19890
10400
14105
14232
14746
5513
4772
6794
8090
9904
15296
15122
19891
22249
163
4360
9109
19758
19430
6826
8092
9906
22171
18809
6187
10191
6109
14106
13979
14081
19893
6951
164
609
9465
9834
16352
16195
2472
5809
6835
4664
8362
15153
15317
19896
5582
7893
14107
4683
5814
6840
8365
10162
10201
15419
15252
201
1753
13981
14109
13857
19718
19897
8331
13586
14361
17173
4931
11882
19743
11490
6844
8435
10167
15154
15318
11620
19899
203
2411
5614
20510
17892
6845
1890
15441
12816
7985
3741
14321
14366
19069
20580
10168
15566
19900
204
3781
5622
13248
1855
18165
3016
733
6846
10255
8436
10170
15156
15572
14368
15255
6042
287
19836
1879
4668
5350
456
3744
12022
22597
14585
22553
6848
10171
15588
19902
2850
21045
14608
15483
18405
20386
12550
18839
6851
8440
10172
15158
15590
20158
461
9061
6485
6334
19288
2125
12317
13805
1101
21815
4256
14908
15299
20397
21953
17090
985
6853
10177
7250
15591
20160
494
8017
16584
9065
9007
3987
7112
10355
15404
15594
20161
9433
7037
18670
15388
20644
20792
6985
5777
14347
15967
22011
495
1456
3317
9502
12652
1107
10371
7176
8442
15595
20162
15565
20986
3821
13861
17385
12140
7177
19494
18208
7567
18953
496
4504
4865
14356
11106
13946
17962
10372
15596
20163
11212
6123
2244
15685
7200
8444
10390
15665
15860
20166
10018
3870
706
12532
15131
17409
21505
1695
19425
14399
19711
22811
1068
6033
6529
15686
7201
10395
15861
20171
7596
14927
14728
21781
19329
22058
18354
16465
10354
9020
7202
8445
10396
15707
15862
20172
711
15692
16073
19919
15260
20907
1394
12487
6308
15111
22690
7204
984
16004
15869
10399
20173
19623
10835
15372
15956
20937
8446
10799
16080
16167
13237
20174
712
19050
19757
13847
15970
7367
8842
1956
14343
1195
19258
22453
5185
6608
15957
17882
16085
20464
714
5458
13431
16492
1916
7449
8638
10801
16086
16168
20465
16486
19335
6652
11459
15602
18364
20181
9835
22456
22684
717
14285
21908
10802
7450
21872
8709
16088
1339
18251
16529
21246
18943
7455
10804
7027
8713
16169
16089
20471
750
17329
22252
15370
8082
1839
18475
22689
6427
15116
2054
16757
8714
11074
16098
20587
759
20128
21487
5872
15186
7458
8716
11079
12251
16171
16368
18596
22631
20725
1917
16764
152
8517
22515
18862
764
14286
1383
1992
15127
21811
7459
8717
11080
16400
13250
2447
3780
16769
20129
22006
8718
7460
11083
16213
16607
20726
13802
6124
15625
765
5832
22300
15342
7461
8719
4752
787
22183
3612
15140
17015
18209
20130
16611
20727
13328
17549
766
19065
22754
7463
8720
11086
16616
16777
14985
20728
15464
8202
17016
5453
1413
22296
124
4676
779
806
20754
15141
7464
8724
16618
6211
3617
3736
4653
9125
12306
17082
17085
16467
8761
11343
7465
8725
11087
16620
16787
20729
1016
15653
16992
7466
8726
11279
16621
20744
15359
15759
882
4657
10814
11644
17289
16218
4849
1022
6564
15149
20478
19986
20832
6453
13878
11185
8727
16625
20746
4660
15452
17291
15205
14028
7467
8728
11357
16626
17257
12655
21143
9786
12876
20747
465
545
2176
12481
5443
6609
18004
7468
11360
15605
16629
20748
7328
1023
6444
15157
16227
18842
7470
8729
11361
16633
20750
18377
21928
19905
4346
2829
15766
1227
18755
20984
687
9132
10037
7471
8730
16665
20751
361
1024
12139
15403
16799
22576
7473
8731
11371
16674
20752
14435
18648
6177
13132
19146
6117
6610
10974
12835
7474
11437
16694
20753
6622
20822
15211
15706
18781
7478
8738
551
11660
16930
21031
460
16224
1264
5808
6118
7487
8739
11701
16935
17796
21032
18436
11217
20570
18791
20502
348
1269
7572
8200
9221
19266
15935
17030
7489
11702
17183
21036
21981
11952
18876
19526
11328
20834
7976
19255
7493
9008
11703
17200
17802
21037
1270
10103
14098
1752
22766
17251
15298
1734
9011
15936
13415
7495
11705
17202
21038
7105
19157
2466
1274
4976
6950
17065
7499
9010
11713
17203
18345
21055
2566
16484
18884
17847
9818
1315
9012
15960
689
7501
14199
11950
17445
16238
21069
561
8229
18885
7503
9013
11951
17447
18385
21070
21759
5615
1316
4973
12497
7507
9017
7356
12797
3398
7383
10975
18888
17450
21293
1303
1325
2847
9208
15188
10010
15963
19501
7508
12008
17456
21331
9927
10583
18889
8185
7510
9021
12009
17469
18386
21332
1561
2405
16547
9490
9422
4060
1188
10976
885
19432
9211
18890
7095
11108
10019
3620
1158
12010
17477
21545
1565
16459
21579
7511
9025
12012
17496
21546
11737
12039
15672
17226
10933
1993
21760
17250
18892
11382
18980
2209
1596
18836
17896
2485
10023
16719
12013
17705
21547
1290
18895
2471
7512
9026
12014
17711
18387
21548
10347
8247
16835
1301
11745
1598
11738
14319
17335
1633
866
3226
18898
10256
10977
20081
22304
16998
17718
14117
21552
1599
12334
17303
19376
1681
7513
13950
13104
3244
18901
12313
17722
21862
5697
9553
13102
1602
10530
12355
15555
18088
7514
21863
11828
12321
17736
12279
18903
18415
10837
3093
7515
12630
14455
9028
17737
18618
21864
13131
21592
1606
12361
10710
15823
5041
17359
10571
3287
18346
18905
12632
17738
22126
21594
21988
1607
16706
13419
19443
11674
20214
7516
9029
18944
12633
17739
22142
1718
4287
18909
7670
14378
1609
5092
10751
13420
18250
4725
19423
18384
17740
5317
19759
6689
3088
22143
10719
18918
7518
9030
12644
17879
19141
22144
1827
15273
8456
21519
11215
4640
4949
19421
5369
11466
12812
18620
18922
11658
1311
11693
18033
2456
22145
13809
16357
21672
10127
19481
7519
9031
12645
18280
19164
13026
1829
18925
22366
6512
308
14236
19120
7391
11502
11629
16796
20413
2403
20480
18301
7520
22367
9457
1830
18844
18927
12607
15890
7521
9033
12646
18554
22734
1870
14039
16248
20663
473
7385
1831
12768
13246
13247
18928
7525
18559
22737
4891
22764
19147
20991
20857
21499
7526
9034
12647
18560
22740
18934
5276
13862
14616
608
1832
12809
13495
18138
18528
7528
12648
18782
17808
1055
18935
19148
16275
1431
7529
9035
12902
18783
1835
16736
20134
603
7530
9036
12903
5585
6377
18936
18788
704
15021
90
11286
1837
8527
14253
21076
1083
9114
12904
18794
19171
14747
18937
22486
18416
7531
9115
12907
19189
18814
1838
15987
14120
21343
1943
12849
7479
7684
14867
15962
18939
2747
3569
19085
1866
16730
18512
20082
19153
20933
7533
9116
13137
19096
18940
2866
2302
476
16514
6443
11199
11059
1867
14873
12131
21607
7536
17352
19106
15745
19379
15973
11746
7538
9117
13140
19117
19207
13238
2070
2307
15961
7540
9309
13141
19215
19375
541
19705
2404
11869
22654
1372
18181
20829
2081
16452
17538
7551
13142
19392
16071
15587
20
19956
19160
22274
2790
7636
9310
13363
19603
2082
3401
7851
110
19942
9340
6539
