1662
8224
3584
4248
1084
1110
6653
7153
12865
12896
22372
13288
14765
339
3624
20835
4166
16934
17188
8192
1612
14291
118
674
1268
1791
3134
3833
4312
13295
13359
3117
9166
67
74
99
286
290
872
370
463
533
536
954
2295
3129
2914
4156
7728
16230
9177
4057
3800
13269
10
9
11
16
19
23
26
27
54
28
29
31
37
41
48
62
68
72
75
77
188
82
98
101
133
116
126
156
168
171
178
214
221
311
224
250
8541
19780
4887
7768
10341
557
4841
708
9486
15298
15481
16964
147
205
403
937
19936
2989
3699
10174
7426
5577
15004
15415
19091
525
563
571
632
722
836
996
1050
2229
2296
2959
2822
3133
5249
8660
6521
6797
10827
12684
12881
21742
7865
17010
7341
38
39
49
58
76
84
102
104
131
225
117
134
139
172
179
181
3357
189
209
217
249
258
268
273
283
291
303
306
333
334
337
392
401
442
508
451
513
521
546
564
584
596
610
615
652
665
678
724
743
769
821
851
832
10308
16817
1123
9403
4608
17858
2855
7816
11347
13837
14142
15954
1733
388
861
1680
2843
4302
7281
8255
17301
19811
20427
859
873
941
955
6536
1386
1687
2237
3364
3732
4392
5560
10102
7727
7736
7945
20668
527
7894
2783
16274
3558
47
50
497
80
86
103
105
119
135
141
275
190
246
13319
484
259
262
293
338
377
450
453
576
479
523
553
586
601
653
673
784
688
698
745
840
842
853
914
854
899
913
906
909
915
925
948
975
981
994
997
1038
1047
1048
1049
1052
1060
1093
8083
10754
170
551
12578
2460
7326
100
235
282
393
389
837
4685
947
2118
7565
7629
20327
8918
10152
13148
1139
1699
1936
2222
2238
2507
3487
2987
3847
3849
6104
3860
4058
3981
7327
7996
12668
13372
8207
14186
16094
14490
16243
19774
20670
399
11611
16509
6401
9402
602
92
53
83
108
136
143
263
277
302
1181
345
390
512
700
391
458
486
501
577
657
594
685
734
746
1
867
887
896
919
998
1032
1116
1096
1114
1118
1137
1145
1178
1149
1170
1226
1246
3640
1280
1283
1361
1286
1312
1334
1360
1393
1405
1462
1621
5843
10006
16313
2491
10736
4568
8871
22378
15195
1255
5907
3934
4070
10388
5354
14964
15213
16181
16250
16415
1691
2462
2504
2473
2660
3345
4108
4917
12922
4118
4798
6466
4222
4227
8001
16042
16833
16919
19302
20671
17138
588
4779
6246
11032
85
109
137
264
321
346
402
407
435
459
506
696
4176
566
677
774
7001
849
868
898
999
1007
1076
1161
1103
5509
1129
1466
1182
1247
1285
1571
1635
1335
1362
1426
1463
1470
1523
1626
1631
1644
1670
1672
1685
1689
1692
1731
1738
1742
1778
1798
1840
1945
1873
1918
1959
968
11930
857
1926
8338
1512
14707
2893
21182
317
838
6019
9198
12484
11261
15786
18178
2463
1962
2505
3130
4089
4499
4799
5106
5307
5811
9213
7477
7947
9095
9252
9860
10499
11006
19074
20352
18362
1168
3826
5961
9944
11002
2438
21958
88
112
138
278
319
2553
349
384
408
436
597
775
616
1440
2000
719
760
735
852
831
871
1002
1008
1104
1115
1287
1427
1468
1627
1661
1759
1801
1808
1815
1874
1844
1985
1979
1895
1935
2050
2172
2191
2201
2219
2213
2240
2242
2247
2251
2255
2374
2399
2437
2506
2520
2611
2792
2812
8819
14846
10067
556
828
3496
9360
1445
1230
2894
13682
578
11336
17378
18351
4062
4091
4107
4130
4149
4296
4343
4381
5553
4590
4801
5959
6010
6297
8968
10190
10777
11319
14913
11937
16378
19746
20994
21465
3848
5349
6554
5873
12242
113
91
144
279
324
3359
350
617
386
409
1764
437
739
757
767
879
1892
771
7485
972
1005
1012
1119
1133
3553
1122
1291
1331
1340
1387
8834
1767
1441
1822
1905
1986
2051
2121
2252
2512
2270
2304
2342
2556
2457
2508
2510
2518
2539
2543
2714
2743
2839
2908
3068
14537
13028
13884
14694
4606
5783
6877
15806
785
3216
4885
5119
7701
16418
10864
8364
14061
15242
21966
3143
3147
3283
4068
4358
4723
4907
4909
5501
5680
18479
17591
6759
8521
13953
14453
15440
21833
16646
21413
858
1412
4966
7675
11915
17230
20630
15047
309
114
145
325
351
410
540
622
740
758
846
796
881
967
1663
1120
3034
1341
1378
1693
1572
1580
1583
1678
2879
1712
1768
2350
6402
2990
1906
5256
7576
2060
2478
2253
2569
2579
2742
2874
3031
2954
3094
3100
3120
3145
3131
3148
3174
3284
3344
8153
9471
1725
280
7340
9862
19953
1632
4803
4129
6120
7910
7950
11781
14519
17361
18770
19013
4071
3867
4103
4804
5281
5890
7236
7362
7544
10501
12289
10986
12545
12624
13957
15227
15770
19512
17592
17884
382
22227
1275
3636
8578
9176
9581
22716
18124
22044
797
261
328
352
397
560
579
625
661
808
2069
884
905
1000
1401
17862
1619
1651
1788
1854
1862
1922
2128
2312
10759
2351
2571
2764
2994
3032
3104
3144
3813
20871
3175
3176
3363
3374
3377
3502
3554
3524
3531
3574
3577
3865
151
5252
19748
169
5533
8663
9179
13202
1948
2284
4104
6407
8815
9881
9988
10552
18547
3622
3630
3633
3986
4396
19547
4599
4769
5090
5548
6167
5867
7796
7935
8272
11012
14488
14995
15788
16022
383
12964
18480
9916
8954
9999
18841
329
353
400
630
411
662
810
1345
839
1003
4988
1017
1130
1156
1397
10937
13864
1535
1657
1858
1863
1883
1896
1927
1965
2001
2359
2576
2957
21462
2997
6316
3036
3119
3177
3184
9450
3197
3325
3378
3391
3510
3532
3575
3629
3642
3663
3803
3819
3851
3855
11635
5189
856
3844
4355
6064
16315
8876
20064
1899
7364
5674
8572
8736
10788
12094
16565
18564
3888
4340
5087
5390
5868
6751
7373
9303
9431
10232
11245
11453
13192
14489
16028
18981
20629
21959
822
7963
10753
13700
15475
16527
354
412
6103
5254
22226
621
3282
639
663
847
1004
1019
1027
1346
1407
1457
1536
1640
1864
13848
1928
1977
2139
2178
3394
2217
3138
2272
2286
2329
2808
2900
2999
3820
4309
3286
3352
3513
3846
3573
3585
3597
3671
7036
4301
3688
3857
3985
4049
4008
4043
4045
4086
4122
4234
4277
9111
4408
4884
4337
4447
4509
4553
4535
4672
4876
13722
6141
240
15238
1045
2458
1091
7058
16030
16321
21002
21096
22166
5657
4678
5292
5506
5886
5892
5991
6037
6178
6464
6869
7034
7055
7785
8294
8593
9099
10258
11219
11634
16036
15222
15542
20153
22484
569
9917
19306
4393
5496
9567
12011
14035
15037
22275
4014
9230
10107
355
414
626
641
664
904
1021
1069
1267
1356
1408
398
17848
1930
2140
2221
2451
3285
2575
2809
2869
3002
3340
3395
3400
3616
3693
3705
3729
3824
4018
4100
4380
4400
4111
4138
4603
4614
4694
4731
4864
5102
5167
5186
5238
5255
5282
5295
5311
5319
5356
5404
5410
5826
5507
9392
19230
17887
544
6474
4044
9706
10679
12325
14055
18193
19829
5539
5542
5998
7791
6253
5887
6740
7062
21767
13843
9170
7226
17426
8873
9434
9870
13841
14523
16559
21453
17919
22571
4081
16637
781
5824
11673
14496
20351
21295
4242
357
3212
5801
10109
415
585
627
647
668
1259
4901
1295
1302
1421
1455
1458
1538
1623
1673
1931
2144
2791
3292
2818
3005
3049
3111
3410
4121
4178
3771
4019
20308
4347
15293
4536
4386
4402
4445
4470
4701
4743
4929
5126
5236
5267
5473
5303
5497
5518
5540
5588
5879
5880
5881
5895
5896
6669
6048
6054
6119
6411
11699
6482
15986
13226
10346
17343
19275
22141
12107
12825
14208
15974
7549
7359
7954
7724
8579
8723
9966
10349
10735
11696
21309
16518
11727
14136
16384
17694
3236
8588
12387
4886
1889
6741
10787
11467
19855
359
416
587
628
648
669
1261
12629
12688
18664
1304
1422
1459
1555
1563
1932
2148
2271
2583
3698
3050
4928
3350
3618
4716
3644
17379
3901
4278
4323
4362
4423
4441
4449
4554
9830
4684
4742
15177
4908
4930
5520
5594
5654
5830
5902
6034
6113
6184
6326
6593
6403
6441
13905
6483
6508
6542
6578
6696
6722
6730
7056
7086
7552
9452
11771
8171
18865
675
7067
9005
15958
18569
19311
7666
7827
7916
8418
8869
8875
8917
9152
9153
9162
10866
11263
11918
12104
11990
12267
12305
14484
16864
18478
17985
18548
21695
1614
814
1666
2844
20872
4339
8870
12882
589
362
417
629
649
2360
939
230
19370
1265
1305
1425
1460
1564
1676
1690
1875
2149
2199
2544
2588
2796
3619
3299
3601
3657
4244
4602
9928
4446
4450
4835
4837
4913
4934
5170
5301
5407
5521
5567
5604
5796
6011
6114
6237
6454
6510
6517
6626
973
6711
7609
6857
6987
7028
7064
7094
7909
7928
7934
7937
8055
8283
8345
8922
8575
8692
9875
8800
8999
9173
991
2287
12556
14958
22780
5
16231
2833
8735
13902
9163
9495
10380
11023
11939
12436
19304
13876
14448
14943
16576
19849
19083
19382
7330
9171
236
2459
8813
9483
13035
11822
13296
13850
21269
22788
363
418
1887
635
590
804
8026
22028
12921
949
1266
1306
1437
1595
1648
1755
1937
2497
2150
2548
2589
2657
21172
8814
3300
4452
3883
4458
4537
4728
5273
5313
5343
5445
5770
5904
6423
6616
6484
6487
6585
6712
6737
6724
7103
7655
7498
7587
7700
7789
7940
8477
8520
8795
8867
8993
9119
9280
9479
9485
9480
7026
1075
18442
13133
17017
5400
10775
15057
16234
9551
9814
10156
10776
10861
11168
14139
12086
12540
14194
14461
16546
16902
19269
19549
1611
2590
6409
22030
4385
16658
13920
5278
7994
15228
8500
14127
22385
366
422
640
910
951
1438
11040
15463
20655
1578
3750
1608
1751
1997
2152
2174
2498
2550
7671
2837
3538
3074
3889
4454
4551
4732
5280
5568
5769
5772
9372
6713
5818
5833
6106
6179
6214
6338
6739
6773
6860
7048
7397
7543
7678
7695
7793
7959
7912
8133
8557
8570
8615
8823
9105
9291
9432
9466
9487
9498
9819
10077
10158
10091
10140
10772
10982
10993
11018
11386
11790
11815
11988
12087
12281
18457
10493
300
19865
4510
10572
12894
18673
20902
12869
13484
15237
15435
17901
22272
618
5855
13099
15743
15801
129
6130
7292
19493
7699
10811
19749
11929
15487
22743
15749
367
423
595
654
931
1271
2664
1202
1579
15835
22239
8722
20137
12986
1715
1754
2769
1825
2180
14295
4753
2300
2621
3122
3913
4455
5592
4671
5865
6057
6137
6447
6180
6216
7061
6649
7017
6699
6761
7051
7242
7795
7399
7682
7685
8135
8592
8802
9077
9160
9634
9859
9910
10134
10379
11010
11064
11110
11648
11683
11687
12240
12564
12621
12664
13090
13218
15056
15076
20925
10309
17653
11043
15434
13846
20882
14015
14292
15367
15477
15773
16511
16971
17054
19558
20601
21456
10244
18986
1174
254
6755
11259
12883
11718
14161
15536
15972
20996
862
368
424
660
1171
1205
1273
1826
1856
1968
2211
2301
2665
22552
3545
12045
2622
2770
3125
3753
3782
4082
4460
4987
5108
5819
5921
6183
6281
6333
6798
7245
7284
7429
7353
7387
7667
7932
9436
8277
8281
8426
8452
8518
8553
9055
9107
9182
9648
9864
9838
10136
10139
9924
10081
10298
11989
10414
10718
11654
13475
11678
11986
21201
12269
10113
12538
12715
14556
3334
5302
242
8559
332
3351
3367
20868
12830
14023
15795
16298
17231
17305
17581
18685
18409
18803
3977
20605
21773
5853
8282
2170
15805
8186
10351
16320
17049
17615
18494
19750
369
863
425
921
1179
6763
1212
1279
1756
1828
1857
1978
2635
2666
3126
3187
3689
5900
7920
22470
3305
3786
4158
4420
4912
4983
5109
6174
6438
6648
7098
6805
7672
20698
7707
7848
8219
7802
8077
8244
9437
8850
19468
9108
9169
10251
9516
9718
10143
10378
10743
10659
11054
11987
11722
12238
12287
12427
12850
13111
13113
13120
13400
13588
15330
13727
13739
14132
14184
14826
15418
15751
16245
16813
16887
17381
17912
18578
17706
14689
15312
18866
18954
20606
21538
21918
22656
22817
16940
13778
567
4040
11339
3685
4607
8542
14183
14986
16920
18417
19431
20962
21777
13406
372
426
927
1222
1319
1367
1994
2133
2440
2529
2669
2876
3191
3307
3353
4259
4291
4421
4986
16090
17841
19485
5003
5405
6944
5966
6198
7117
7403
7850
7895
8231
8239
8254
8434
9014
9178
9550
9844
9876
9962
10076
10089
10299
10374
10746
10943
11055
11136
11301
13799
11803
12461
12541
13330
12864
13341
13352
13589
13614
13656
13714
14303
14442
14730
16894
14827
15204
15897
16246
16280
17489
18419
19252
19775
20026
20623
21165
21186
21889
22539
9823
19577
16362
22364
22657
2881
3142
3150
6072
6410
8041
9533
21030
11046
19616
16399
20945
21944
373
1501
427
930
1506
1559
2134
1869
2275
2640
2194
17356
2671
2872
3193
3546
3356
3405
5541
4443
4561
4995
11137
5797
5406
6530
6945
7402
7405
7948
8209
12467
8459
8820
8861
9022
10362
9453
10985
9879
10186
10598
10644
18441
11033
11208
11329
11786
11880
12845
12872
13058
13121
13622
14167
14443
14445
14731
16009
15069
15175
15390
15179
15886
16287
17878
17942
18305
18157
18407
18992
18682
19253
20354
20791
20824
21423
21978
22284
22768
21442
239
9519
14352
1398
13991
8817
21810
269
1366
1796
2348
4336
4888
18266
14677
21139
375
428
869
934
1502
1519
1597
2135
2072
2297
2672
2444
2641
2877
3790
3600
3910
4260
4582
4932
5179
5359
5416
6471
8862
7069
7406
7918
7955
8141
8499
9047
10007
10387
248
2470
12831
13558
10422
10988
11038
11332
11344
12088
11462
14451
16758
11972
12775
12597
12817
19210
13079
13623
14444
14219
14349
14683
14976
15339
15569
16396
16997
17055
17106
17667
18050
18212
19316
18674
19116
19385
19491
21183
19686
21457
21479
6952
11338
12611
16092
21745
1353
3007
376
2673
429
16494
10713
18720
21458
8959
385
3317
1088
5381
9468
13705
16257
18142
20616
935
3180
1503
1610
2410
2873
2896
3606
4033
4167
4533
17883
3777
4594
13089
4933
5461
5468
5508
5633
7093
7408
7639
8142
8263
12501
17652
9141
8300
9050
9454
9990
10046
10790
10797
11303
11337
11626
11688
11731
12096
12220
12880
12747
13323
13528
14447
14452
14688
14886
15257
14968
16411
18141
15432
16867
17061
17108
18051
18734
18796
18879
19319
19393
19325
19985
21418
21485
21673
22014
17313
782
22281
686
12878
19763
378
870
430
936
1505
1760
1817
2073
12842
12539
10945
14411
15607
292
4282
9326
9569
1143
12734
4540
9845
14243
14761
2412
2683
3136
3607
4168
4298
5263
5782
5837
9048
5968
6476
7110
7726
7966
8302
8573
9143
10253
10711
11007
11058
8454
19802
21154
22029
11184
12430
11608
12822
13583
12837
12884
13119
6738
13129
13565
14969
13578
13760
14454
14984
15752
16876
17109
18055
18681
18798
18997
19404
21407
21678
22033
22652
22037
22041
22250
20594
16504
115
17566
20981
431
876
21065
1946
2542
4015
13881
4232
14510
15302
22820
3522
6694
18310
20927
1507
2684
1766
4539
1833
3048
2074
2299
3139
3608
7729
4169
4307
16336
12766
5969
5332
6290
6345
7919
7979
11067
9477
9172
10048
10254
10991
11128
11619
12844
12885
13214
13612
15447
13620
13577
13910
14089
14128
14147
14485
14889
14970
14973
15455
15787
16443
17098
17111
18179
19104
21425
19318
20736
21744
21976
2493
8762
11082
17534
2145
4087
19732
19469
8952
15087
17891
432
2690
605
878
1508
3051
1775
1183
2079
2087
2446
3081
2573
2917
10384
1652
16305
20061
8230
10360
22703
830
2243
6804
14544
17050
21616
3152
4310
3371
3609
4541
4681
5333
6219
10125
6346
6592
8620
8284
1204
9507
10257
10296
11068
11633
2078
11652
11684
12252
12457
13215
13529
13556
14156
14404
14456
14578
14884
14974
14980
15262
15457
15480
15822
16309
17132
17199
17263
18164
18455
19906
20005
20086
20905
21426
22572
22702
4600
4621
3631
15728
5861
12005
16093
15892
13370
19312
434
607
1140
1189
1509
1776
2089
2095
2691
4542
2937
3052
3108
3173
3372
3610
4384
4979
5514
5897
6348
6874
8580
7754
6970
14394
9024
17816
6717
19124
20930
4084
1336
2771
2804
2842
4517
4967
7964
7074
19741
16544
17484
7882
9521
10110
10523
10656
11685
11913
11959
13293
13858
14379
14628
14739
14918
15794
14983
15226
15757
15824
16011
16861
16056
17497
17821
18439
19017
19500
20006
15086
20363
20467
21180
21427
22735
11876
16485
17443
1046
6480
9712
10758
11394
15725
14042
16888
10055
438
900
1144
1190
1510
1786
2101
2104
2450
2692
3109
3209
3296
3613
3655
3880
4462
5353
5419
5623
6189
6658
7152
7244
8004
9523
8271
9451
10054
8501
9154
10112
10126
1660
13534
234
22724
844
4505
5545
18044
9427
18026
19789
19804
20289
10526
10936
11653
11976
11993
12217
13409
14422
14460
16031
17468
21982
15065
15357
15178
15779
16286
16310
16875
16882
17234
17609
18822
19568
20476
20952
3245
14450
15449
17137
21923
11931
598
4046
4764
4989
5581
5312
13672
20812
2047
439
1146
1191
1446
1511
1789
2103
2696
2452
2105
3186
3301
3440
3835
3887
4566
5699
6432
7249
7427
7595
8351
9491
9500
9525
9573
10058
10535
10185
11173
11778
11912
17116
3373
5522
5677
10739
9509
16552
19118
20046
20294
11878
13655
11980
12002
14137
14914
14919
15320
15535
15780
15984
16550
16564
16731
18739
17120
18073
18194
18471
18631
19569
2530
19626
20287
20757
20954
3069
21174
17640
8919
2353
2357
3450
8963
9496
9574
9159
9965
1613
443
1150
1198
1448
1513
1790
2106
3303
6300
2431
2798
3188
3469
3840
4146
4569
5644
6469
7436
7566
9511
7601
8633
9526
10418
10658
11305
11879
12003
12601
12763
12870
14905
14700
15167
15326
15538
15568
15781
1909
11897
20013
9575
177
680
11971
13342
20569
2871
6053
7052
7986
20059
16202
16859
17125
17260
17903
18604
18735
19628
20548
20607
21049
21694
22128
10148
3638
3950
5318
10466
12606
12847
15476
11409
16640
19771
20293
22775
812
16104
21883
444
1450
4570
1199
1514
1998
2107
2702
2735
2800
3195
3477
3541
5948
4092
4720
6604
6764
7856
7347
8022
8075
8927
9853
13619
10947
6989
11821
12007
12610
12771
12887
13057
14701
15600
17863
15723
15827
16232
16866
15833
15880
16453
16983
21755
14526
1650
17551
7828
18699
19812
10266
17654
16870
17373
18435
19545
19783
20165
20300
15999
20886
21161
21330
22050
22371
1617
14799
6473
4574
8317
3392
4125
9887
11044
11932
12275
16877
4993
531
21433
19508
19719
21110
445
1208
1451
2703
2004
1516
1848
10981
2108
3072
2740
3196
3542
3696
4366
5949
6892
7030
8025
8136
8930
9512
9528
9861
10483
12268
12435
15802
12772
12612
12892
15236
16130
16229
17127
16634
17374
16918
17377
16521
17302
17544
18109
21467
18135
18707
20344
20470
20620
7905
12888
16947
11938
420
18155
21557
21674
20486
1938
903
6662
9831
11458
1207
2354
3869
4126
7337
19992
11363
14642
16537
16937
18462
22424
6100
447
1152
1452
1784
7334
15928
21091
1518
2021
19466
20624
2109
2704
3022
848
3073
3369
3702
4023
4627
4721
5188
7863
7114
7031
8031
8138
9212
9529
10164
11223
12659
13114
13136
15798
16131
16498
16508
17540
16524
17165
17197
17778
17913
18090
18411
18449
18718
20892
18959
19005
20615
20745
21468
22148
22617
5411
11780
22039
13688
21179
17876
17620
4688
17039
1954
22184
9816
19592
4890
3512
3092
3539
6225
7325
9314
9647
15032
15239
17675
19099
21665
15489
21570
548
1735
1795
2110
2315
2706
3026
3075
3370
4026
7577
4635
5191
5337
7575
8158
7896
8361
9530
11016
9921
12142
12773
12661
20801
12970
13353
14463
18159
15799
17169
18341
18461
18467
19012
19332
19531
20209
20619
21329
21428
21969
1369
2819
3086
8318
8702
13339
18671
20430
1221
8627
6782
4881
6986
3324
330
6060
32
4243
7295
8431
9631
9672
12895
13154
20610
14045
679
1736
1797
2161
2316
5203
3060
3679
3704
4292
16568
4641
5338
6523
8366
8443
8734
9531
7351
4221
1806
21017
10427
11051
11317
12906
12973
13239
13257
13299
13572
14465
15800
16797
2442
17418
17645
19020
18675
18983
19177
19292
20024
15114
19803
20042
21086
21229
21754
22368
13321
3115
8042
15231
8704
15451
13718
690
1209
1404
3319
943
6765
7652
21111
155
777
1300
4257
5546
14996
7421
10358
10745
17660
10791
12968
14197
14606
1737
1799
2319
8924
2385
3549
3707
6417
7647
4654
8953
5205
5573
8040
9532
18139
1396
9027
10303
13126
9872
10544
10826
13362
13482
13689
13608
13804
14639
15125
16322
17282
17423
18343
18676
19294
19471
20060
20326
20935
21380
1391
6753
7951
16395
17890
6589
7039
11494
419
691
1211
1743
1800
2320
2389
2709
3568
3670
3680
3713
15356
4080
13595
1249
2753
7673
2527
5264
343
6749
9873
12889
13819
15704
4293
4661
15126
5207
11469
11100
5580
6525
8925
8165
8316
9535
12290
8373
9232
11172
16957
13483
13944
14438
14704
15163
17136
17344
17678
11491
18823
19301
19680
20010
20331
21508
20622
21156
22007
13692
17970
17590
16023
3861
6262
14172
19546
20290
16173
22821
692
1213
1417
1744
2020
2322
2717
3637
3681
3714
3758
4562
4663
5208
5912
6720
8166
8613
9015
9234
20038
11352
13765
15124
18728
788
8218
6200
6434
8006
10141
18047
20949
13570
16688
9235
9537
11176
11415
12620
14027
14676
15002
16523
17259
17593
17601
17649
17859
17756
20057
18756
20608
21449
21157
21995
21676
11826
14930
15776
18732
2652
21300
2343
5862
14605
16264
21463
21752
5096
16982
19879
5212
693
1214
17880
1745
2023
19282
2330
2718
2737
3683
3804
3760
3936
4900
4563
5926
7065
8167
8614
9538
9568
9580
11101
11181
11419
12867
12494
14157
7355
10425
7648
9858
727
1637
2841
5429
16705
10657
11353
20534
21919
15797
14296
15465
20066
15495
21193
17927
19024
19762
21593
19163
21679
21680
4878
22639
7925
20800
18113
347
1203
3862
3881
19554
6205
21363
6263
7832
16191
18802
3592
694
1215
17757
17971
1748
2026
2333
2719
2775
3684
3764
4050
4847
4904
18737
5471
5931
7419
8473
11292
8901
9577
9886
10217
11739
12495
11182
11768
13116
14998
17594
17567
21555
7339
9827
7674
10417
12221
11697
12478
16018
17867
18132
20176
15466
15791
19336
20825
22400
22641
676
3355
11464
7626
1515
15713
2849
8737
11349
14206
17657
18460
18785
695
1216
19238
10783
10916
10917
21376
1418
1749
2031
2476
3066
4051
3900
3994
4848
6083
4905
6501
8015
8765
8911
9938
10165
10220
15934
11759
12338
12498
13349
16316
16923
14297
17804
17790
7271
15803
16858
17928
18115
18116
18297
19341
19895
22182
22645
22771
1850
2282
13840
14185
2187
7035
10824
20921
19387
7915
296
8206
19561
21790
2012
2197
2835
3623
3678
13833
15893
13568
9572
697
1904
1424
2721
2036
13024
11304
14718
2577
3521
3905
3998
5176
5253
10481
6087
6509
8766
8916
9038
11358
11945
12339
12751
7628
14436
15075
15261
15729
16044
16569
17910
17805
8687
17932
18101
18956
18807
18957
20144
20566
19760
20141
22468
22573
1260
2400
7650
9094
13365
19251
20823
13724
20098
12848
11524
2358
1136
10119
11011
17178
20596
1550
2901
3949
17074
5469
12866
15160
17926
18447
21685
12514
20157
1990
6359
2037
2578
3907
2725
3528
4039
4333
5178
5284
10784
4245
19924
7338
9168
12347
10472
12274
20433
12752
13025
15162
15331
16062
16543
17933
18092
18958
18719
20170
14193
20378
20810
21669
684
1915
2746
7350
3082
7645
10145
13628
16039
6498
15080
1217
956
1430
1991
2038
2584
2726
3658
3669
3908
3938
4265
4589
5181
5286
21153
2249
11260
20462
19438
1912
11877
15804
21523
2231
0
3331
19486
5579
10192
5903
8868
6043
11321
13838
18727
18835
6670
8274
7398
8773
10843
9197
11372
12371
13530
16214
16340
16892
18994
19027
17935
18093
19008
19657
20382
21046
22595
2220
4558
1029
2502
2757
2767
6559
7068
7936
11272
11985
20304
21749
19303
22705
7860
22574
5008
959
1220
1701
2039
2288
2585
3662
3792
8883
841
10989
1628
11717
12443
218
1577
2090
8008
13135
16539
17059
20468
20485
21081
21689
22783
6968
7400
8661
8356
9060
9460
9339
10475
12048
12351
12985
13531
15898
16893
17140
18094
18199
19490
20337
20383
21008
13393
2254
7422
4388
8260
10757
11948
18183
20380
11138
1176
22644
7457
13023
19339
7844
961
2040
2291
2597
3815
3909
4002
4271
4842
5182
5290
7676
5883
7866
8357
9062
9341
9461
10485
6695
6613
15968
13376
17458
3555
5401
6406
7277
13360
14237
16471
22241
17380
12056
12373
14894
14963
17391
17414
18353
18481
18977
20338
20183
20641
21136
22137
1638
4695
4906
6006
6079
6596
7441
12137
14372
16302
12304
12585
21429
21677
21575
21975
10708
962
1375
21656
2041
4004
2293
2599
2727
3912
4313
4868
5183
5525
6418
7704
8173
8558
9064
9877
11119
17416
11373
12181
12665
17679
13189
13492
15368
17655
15784
16687
17938
16276
5296
12656
1127
4324
10763
7847
19025
19178
19521
20342
21495
21590
15467
5500
16299
16566
17873
8210
2532
14522
4768
22655
4921
4978
8839
6491
8417
13346
13720
18185
21213
6405
9001
14115
964
3019
2042
2294
2605
4006
4151
3917
4315
5467
5526
6460
7714
8176
9771
10182
11379
12256
12670
14336
15673
15349
16692
17424
17686
18200
18206
19310
19433
20343
21701
20565
21657
811
4880
4344
5550
10716
7005
20058
8816
18857
7621
12584
1079
1527
3393
22343
2781
7957
2068
4792
6714
12294
12429
12919
13566
14191
17028
17908
20056
2043
2554
5773
2606
3743
4164
4289
8478
4576
5529
301
6910
8204
15623
7715
8944
10070
10313
11716
12369
12672
13377
14373
14440
15940
6705
15988
16693
17603
18201
18207
21690
19532
19681
22243
22052
1921
7922
4325
12592
6166
7006
11450
11345
16040
20251
22008
10120
19256
22152
19232
11282
22146
15712
2699
3654
3863
5891
6175
6701
7717
16307
9514
11322
16281
17052
3774
2555
2349
2617
4165
4580
4258
4859
5531
5776
7721
12928
8482
9929
10071
13161
10403
14695
20048
11405
14555
15941
16024
19682
16966
17961
18493
19735
19556
22233
22266
22816
7246
22276
7776
659
3250
12519
13103
12626
14260
20785
7275
22080
6719
509
965
1376
1702
2352
2561
2620
4361
4532
4827
165
9482
10166
10528
14941
18486
20028
20078
12239
3046
4692
7282
10137
7290
10696
8328
17099
17582
20411
5532
17193
7981
8777
10209
10276
10963
12637
12689
12935
15084
20071
16733
16967
18495
18754
19557
19684
16831
9804
1223
4066
4383
8139
8577
10500
13105
13205
16323
21283
15971
10874
966
5266
2564
2623
4145
4440
4534
10576
4828
5151
5535
5778
8782
6462
8306
13184
10210
10407
11025
12638
16027
12693
13162
13683
15636
16738
17871
20180
4063
9880
20320
2216
4131
4675
6115
7312
10416
11470
13366
15807
17809
17650
17075
19933
21417
20496
21450
2536
20944
528
9741
30
524
9430
5357
522
8102
11242
11331
13345
13459
17836
14550
17911
18317
19548
14254
22186
969
2516
2567
18128
2625
4155
4817
4910
5218
13185
5536
5779
5803
8307
11891
8784
10211
11072
13138
13418
14503
15676
17811
18043
18243
18998
19028
19055
19765
20500
21420
6148
20787
12618
2619
7007
10844
13719
15758
17345
16046
20063
20329
16154
4547
16828
120
2276
3581
5815
9912
7404
8461
10147
13880
12272
14437
14966
18468
18824
19796
20323
21525
21626
4276
19487
970
1377
2568
2618
2626
4977
5113
5224
5780
8319
9069
10432
11077
10578
11895
12694
13385
976
19274
636
13439
14740
19327
15709
18581
19815
20076
20506
21009
21421
1359
3396
5478
13127
14391
13721
21221
17972
18189
9824
20286
2223
5755
36
2268
3494
5309
5817
7072
8403
8515
10345
10441
11381
12286
13888
13897
15753
17346
18469
20332
22582
9174
11943
2432
3890
1229
1472
2627
2648
2884
3956
5123
6081
5233
7358
8597
18005
9376
12149
13442
15025
15895
17875
18582
20077
20087
20108
21084
21671
22708
10336
3814
6069
13626
16849
18422
19983
20069
21212
7331
14047
9871
8496
14005
19989
3178
3234
4894
7255
18725
7969
11998
11355
12023
12299
12327
12555
13115
14382
15724
19795
1473
2628
2649
2887
4179
5135
5430
5537
6350
8611
9378
11704
12150
13181
161
9438
18410
13976
15551
16157
16297
16614
17813
19405
20364
20385
20627
21373
21675
12546
15387
5169
5315
6479
13609
14929
17364
20888
21565
21605
8199
1232
1474
1705
2629
2654
3406
4429
4475
5136
5153
5351
5438
5538
5804
6351
7953
8616
4273
1645
12130
7361
22113
17588
19907
9684
5893
4115
7933
9534
11970
12037
13130
13967
16814
20621
21051
21048
22306
9382
12503
13445
14264
16433
18117
20953
21215
21604
16314
3503
9357
9428
4079
9650
9817
10410
13889
17369
17388
20362
20617
20678
22469
20022
6129
20143
1233
1475
2630
2655
3407
5154
4483
5141
4962
5555
5462
5806
5878
20642
6353
9186
10320
10433
11726
12794
14017
14883
19278
13507
14547
17898
20216
3868
5006
9505
13367
14223
15077
18256
19058
21648
22021
2355
21414
16442
21466
21890
22201
13322
19419
21787
206
22278
22620
9857
12423
12615
14861
19522
20295
21789
6570
14324
12993
18129
1235
3673
1476
6235
2634
2889
4487
4963
5463
5608
6149
6357
10892
9899
10326
10438
11991
12798
14143
16871
14506
15841
16712
17893
2373
5190
12846
21743
15479
16060
17550
18383
21957
22023
17820
21043
21788
2913
207
232
449
1165
9735
7354
8865
8913
14687
16045
15164
16900
18390
19785
21549
22634
5800
6398
1236
1478
2636
3674
2902
4770
5408
6108
5476
6152
6660
10175
2169
9851
12318
10439
13149
10677
6138
13392
13537
20645
14507
14509
16872
17110
17240
18248
17355
21333
18356
19470
21219
4814
14446
3101
20365
21222
21691
22677
17357
983
21806
208
5549
6891
22531
2786
16335
18777
15884
22480
18231
18485
20796
21888
1065
1238
1480
2638
2921
3675
5482
8437
565
8805
16217
11443
14415
6958
5610
15042
7368
5628
6154
10183
10680
12576
14632
13926
17130
17444
21464
17715
18533
19687
21334
22018
4815
14345
16729
18133
1411
16126
1239
1481
1716
2639
2924
3676
5155
5611
6031
9708
10793
7348
6036
2653
10124
14221
42
2744
3535
9081
5269
9118
19019
15545
19365
20634
15094
21715
15049
10968
5630
5704
6155
6959
10781
13939
14766
17376
18056
20493
18258
18763
21564
22022
22299
13770
1504
17265
980
6505
7653
1728
14420
6163
8432
10265
14421
14875
16536
18858
22583
17803
16999
1244
1482
2642
3902
2925
5919
5156
6287
22024
5612
5636
5705
9973
5240
310
18801
22612
4404
1364
5882
8355
9769
11983
18736
15697
19351
10800
6158
11622
12681
13539
14716
10554
16609
22302
18058
18779
21866
1688
4335
21961
20545
4102
12832
13320
817
883
8182
10142
10935
13083
19987
19418
20328
21832
1252
1483
2643
2940
3903
5157
5613
5661
5730
5933
6159
6305
10924
6960
10803
11624
12899
14094
14724
16610
15855
17916
18328
20874
19313
19688
19852
20435
502
16854
13219
13607
15916
16545
14626
12821
16247
22254
22025
21869
1984
13302
17390
20070
17
455
6756
10029
11268
14462
14013
16860
11496
12482
18683
18096
19914
20007
21273
864
18311
22040
2892
1253
2949
4159
5618
15010
413
5670
5764
6160
6311
17874
6962
10807
11625
15858
12944
14097
18334
18463
19940
20358
20406
21404
22027
22745
1625
1732
4730
5063
20067
6854
11302
19835
22618
11142
7019
2236
9463
457
1322
1439
2168
2232
4288
9142
16105
12996
17580
18753
19502
1254
1486
2897
2966
4161
5768
5937
5963
6161
19934
1849
8225
16520
10043
6865
7293
10440
11081
12156
14353
15348
20208
21210
22579
15859
1243
18828
20415
20679
21223
22649
4364
14979
4960
9846
16239
19773
22567
5859
19021
7240
8285
10093
2455
6745
10771
342
498
4524
6327
8804
10252
11022
19951
20628
1487
2898
2968
20217
4162
5619
5964
6448
6871
7597
10443
11711
15865
12157
13397
14355
17192
17410
18464
19415
20422
21224
21531
19941
9080
9815
4192
549
1562
10301
1682
5941
6867
18134
18492
19030
14944
16132
16412
18070
12712
1256
1488
1720
2899
2970
4431
5158
5620
8545
2248
12449
4620
11858
3388
6455
9863
22225
10169
13654
15264
16820
17372
18450
20368
5792
5939
6872
7598
10444
11724
17449
12163
14897
2257
16366
19342
19648
20654
21842
9151
14158
5150
9913
21372
543
1566
1257
1489
2904
1966
2972
4435
5621
5854
5965
6192
6112
11911
6451
9765
6884
11346
16612
7599
8864
10445
11729
12166
13513
15376
17712
17963
18465
19518
19658
20664
21092
21780
14644
19386
2198
4147
10382
19441
721
7342
11265
17527
20900
21772
16422
3576
10816
43
3816
499
5216
5802
5894
7696
11318
13581
12548
13835
22786
13885
14257
21580
21753
1258
1490
2910
4437
2973
5845
6093
6540
3003
6896
5262
7603
12017
9155
10447
16426
12168
13514
15682
18615
19575
16624
18500
19659
20987
21783
4372
5450
10114
18655
20175
10370
5417
20379
20488
20922
20483
3056
7688
9167
14278
500
860
1841
6128
6273
9337
11917
12608
19299
19499
20316
21378
11965
1400
1491
2911
2978
4438
5846
6193
6320
6561
21681
16990
19293
6731
7252
7604
10448
11840
12169
12330
13641
16768
15950
17713
18748
19660
21094
21260
18701
5492
6372
10115
13242
15830
13613
20387
21060
1940
21782
17947
21173
1493
1524
6416
13686
17578
13772
15885
20314
22538
421
620
4124
6458
7588
7733
9854
14881
18452
16289
2912
2982
5847
6368
6496
6824
7253
12170
7605
10450
12639
13936
15952
16933
18717
20177
20934
21507
5398
1654
16996
14412
4095
4611
7641
7958
11903
12756
16050
17508
20355
20388
17583
19378
9885
2916
1495
3106
5160
1525
4735
5945
6629
6715
6733
6825
7257
7606
10132
10452
12113
12174
18568
19894
7644
8878
20908
9305
12015
13340
16259
12282
13615
16475
14653
18678
19799
20012
20790
12687
16942
18723
20179
21612
21820
22242
3919
16739
9126
9349
14637
10144
15624
17185
20912
5829
17347
19786
20743
20034
1498
1526
1974
2920
6424
3218
4736
5946
6630
6785
7263
7855
10453
11330
12188
12462
12641
13945
14165
15953
17448
19016
19049
19080
20765
21618
22059
22283
22301
3368
22173
18633
20298
5551
12544
11455
16012
21705
8257
7047
11027
14691
2436
503
3817
4127
8708
13738
14198
15982
18162
18703
20014
21040
13907
20440
2779
19582
1500
2926
3221
4744
8084
5947
6633
6787
6832
7857
10454
5234
11333
12189
12642
14709
16481
17708
19081
20633
20783
22064
22592
5451
16013
387
15216
15985
22676
9144
13650
13767
11646
709
713
3841
8288
8962
12594
18176
18335
1528
2927
3222
4746
6393
6634
6736
6792
7160
7859
8088
10455
12197
12284
12898
14729
16745
17716
19082
11770
19541
21700
22311
22396
15472
18144
16184
3643
4397
22477
6201
7559
8439
9121
10133
658
768
12587
13297
20891
4374
18265
15350
12897
220
8323
19543
11048
752
5452
9311
12283
12322
20576
19917
18156
1772
2929
3227
4968
6524
6636
7045
7163
7861
8228
10458
12199
12617
12911
18000
17006
22472
19283
22692
7786
11650
12262
5490
7884
12398
10815
15631
16308
19052
19133
20504
20946
21686
9019
5821
1529
1773
2931
4969
3228
5161
6526
6637
7165
7346
7386
8160
8705
10460
12201
12619
22694
12914
14775
17007
5823
21397
16345
9003
7929
22187
535
9707
11896
15212
18008
19377
22782
3030
19511
763
11414
3832
6332
6380
6949
9747
14972
14380
15003
17101
7071
21687
6873
9302
15836
3229
1785
2960
4387
4974
6394
6527
6643
7169
7661
19777
8161
8707
12204
12874
13388
17009
14776
19144
19380
18009
19752
4618
8799
12604
16311
2345
11933
271
16778
19553
21877
6532
12263
11284
18490
20136
5576
6014
7285
8632
14046
22172
15870
9840
12285
16560
1530
2962
1872
9978
3230
5346
6395
6644
6810
7182
7942
8163
8710
10462
12206
13948
17828
15516
18012
19801
21541
15215
4328
14414
10221
7927
12605
13865
17795
20964
1384
5305
1531
1793
2969
19001
12783
5335
15778
20778
4595
1018
1957
5491
10868
11621
13317
19015
3231
15436
12207
5593
6646
7023
7193
7716
7944
8711
20211
10840
14209
15529
18019
18107
19598
21202
5571
13695
16188
21843
505
10359
11675
14959
14423
5827
10525
11209
1532
1794
2203
3202
3478
5162
5596
6671
6445
7024
7198
7725
8468
8240
8715
10841
12209
14212
18555
13355
9961
12260
7070
2848
8336
19787
22596
10742
1521
4351
11962
17589
15640
18108
21204
16847
17825
1307
3044
3626
5512
8150
8292
8821
8912
13034
15471
20595
5447
10283
20756
1533
3481
2002
18556
3205
13543
5597
6676
5265
7119
7206
8223
7982
8241
8733
8469
11667
13898
14214
15641
18366
20142
21452
7679
3854
16019
1923
9271
22787
6465
14036
9908
5293
7921
13234
11412
1025
2712
6140
7316
10495
1402
11170
13635
18498
18382
21041
21164
1534
3207
3489
5598
6655
4583
6679
7120
7332
8246
8767
9016
11753
13545
14181
14220
15809
18370
18784
21292
3858
18677
4377
8651
4596
14956
468
14300
17126
18714
20578
15726
3823
1541
2003
2227
3114
5221
